/share/data/refseq/bacteria/GCF_000003135.1_ASM313v1_genomic.fna.gz	0.1994	0.1980	0.3005	0.3020
/share/data/refseq/bacteria/GCF_000003215.1_ASM321v1_genomic.fna.gz	0.3576	0.3572	0.1420	0.1432
/share/data/refseq/bacteria/GCF_000003645.1_ASM364v1_genomic.fna.gz	0.3237	0.3229	0.1748	0.1786
/share/data/refseq/bacteria/GCF_000003925.1_ASM392v1_genomic.fna.gz	0.3291	0.3188	0.1680	0.1841
/share/data/refseq/bacteria/GCF_000003955.1_ASM395v1_genomic.fna.gz	0.3370	0.3106	0.1511	0.2013
/share/data/refseq/bacteria/GCF_000005825.2_ASM582v2_genomic.fna.gz	0.2976	0.3038	0.2012	0.1974
/share/data/refseq/bacteria/GCF_000005845.2_ASM584v2_genomic.fna.gz	0.2462	0.2459	0.2542	0.2537
/share/data/refseq/bacteria/GCF_000006605.1_ASM660v1_genomic.fna.gz	0.1920	0.1945	0.3079	0.3056
/share/data/refseq/bacteria/GCF_000006625.1_ASM662v1_genomic.fna.gz	0.3730	0.3720	0.1256	0.1294
/share/data/refseq/bacteria/GCF_000006645.1_ASM664v1_genomic.fna.gz	0.2609	0.2622	0.2371	0.2398
/share/data/refseq/bacteria/GCF_000006665.1_ASM666v1_genomic.fna.gz	0.2484	0.2476	0.2518	0.2521
/share/data/refseq/bacteria/GCF_000006685.1_ASM668v1_genomic.fna.gz	0.2989	0.2981	0.2008	0.2022
/share/data/refseq/bacteria/GCF_000006725.1_ASM672v1_genomic.fna.gz	0.2260	0.2478	0.2495	0.2767
/share/data/refseq/bacteria/GCF_000006745.1_ASM674v1_genomic.fna.gz	0.2611	0.2640	0.2362	0.2386
/share/data/refseq/bacteria/GCF_000006765.1_ASM676v1_genomic.fna.gz	0.1686	0.1658	0.3357	0.3299
/share/data/refseq/bacteria/GCF_000006785.2_ASM678v2_genomic.fna.gz	0.3090	0.3059	0.1907	0.1944
/share/data/refseq/bacteria/GCF_000006825.1_ASM682v1_genomic.fna.gz	0.2985	0.2974	0.1994	0.2047
/share/data/refseq/bacteria/GCF_000006845.1_ASM684v1_genomic.fna.gz	0.2351	0.2380	0.2631	0.2638
/share/data/refseq/bacteria/GCF_000006865.1_ASM686v1_genomic.fna.gz	0.3238	0.3229	0.1755	0.1778
/share/data/refseq/bacteria/GCF_000006885.1_ASM688v1_genomic.fna.gz	0.3026	0.3004	0.1975	0.1995
/share/data/refseq/bacteria/GCF_000006905.1_ASM690v1_genomic.fna.gz	0.1646	0.1633	0.3367	0.3354
/share/data/refseq/bacteria/GCF_000006925.2_ASM692v2_genomic.fna.gz	0.2471	0.2464	0.2539	0.2526
/share/data/refseq/bacteria/GCF_000006945.2_ASM694v2_genomic.fna.gz	0.2390	0.2386	0.2610	0.2614
/share/data/refseq/bacteria/GCF_000006965.1_ASM696v1_genomic.fna.gz	0.1895	0.1888	0.3115	0.3102
/share/data/refseq/bacteria/GCF_000006985.1_ASM698v1_genomic.fna.gz	0.2188	0.2159	0.2844	0.2809
/share/data/refseq/bacteria/GCF_000007025.1_ASM702v1_genomic.fna.gz	0.3368	0.3388	0.1612	0.1632
/share/data/refseq/bacteria/GCF_000007045.1_ASM704v1_genomic.fna.gz	0.3018	0.3010	0.1980	0.1992
/share/data/refseq/bacteria/GCF_000007085.1_ASM708v1_genomic.fna.gz	0.3116	0.3127	0.1881	0.1876
/share/data/refseq/bacteria/GCF_000007105.1_ASM710v1_genomic.fna.gz	0.2631	0.2736	0.2243	0.2390
/share/data/refseq/bacteria/GCF_000007125.1_ASM712v1_genomic.fna.gz	0.2139	0.2139	0.2852	0.2870
/share/data/refseq/bacteria/GCF_000007145.1_ASM714v1_genomic.fna.gz	0.1752	0.1741	0.3252	0.3255
/share/data/refseq/bacteria/GCF_000007165.1_ASM716v1_genomic.fna.gz	0.1765	0.1764	0.3239	0.3232
/share/data/refseq/bacteria/GCF_000007205.1_ASM720v1_genomic.fna.gz	0.2986	0.2957	0.2033	0.2025
/share/data/refseq/bacteria/GCF_000007245.1_ASM724v1_genomic.fna.gz	0.2402	0.2420	0.2561	0.2617
/share/data/refseq/bacteria/GCF_000007265.1_ASM726v1_genomic.fna.gz	0.3227	0.3208	0.1788	0.1777
/share/data/refseq/bacteria/GCF_000007285.1_ASM728v1_genomic.fna.gz	0.3067	0.3078	0.1922	0.1933
/share/data/refseq/bacteria/GCF_000007325.1_ASM732v1_genomic.fna.gz	0.3584	0.3701	0.1400	0.1316
/share/data/refseq/bacteria/GCF_000007365.1_ASM736v1_genomic.fna.gz	0.3748	0.3719	0.1253	0.1280
/share/data/refseq/bacteria/GCF_000007385.1_ASM738v1_genomic.fna.gz	0.1817	0.1813	0.3187	0.3183
/share/data/refseq/bacteria/GCF_000007405.1_ASM740v1_genomic.fna.gz	0.2459	0.2450	0.2551	0.2540
/share/data/refseq/bacteria/GCF_000007425.1_ASM742v1_genomic.fna.gz	0.3048	0.3093	0.1938	0.1921
/share/data/refseq/bacteria/GCF_000007445.1_ASM744v1_genomic.fna.gz	0.2480	0.2472	0.2526	0.2522
/share/data/refseq/bacteria/GCF_000007465.2_ASM746v2_genomic.fna.gz	0.3146	0.3171	0.1854	0.1829
/share/data/refseq/bacteria/GCF_000007485.1_ASM748v1_genomic.fna.gz	0.2720	0.2647	0.2333	0.2300
/share/data/refseq/bacteria/GCF_000007505.1_ASM750v1_genomic.fna.gz	0.2137	0.2138	0.2872	0.2853
/share/data/refseq/bacteria/GCF_000007525.1_ASM752v1_genomic.fna.gz	0.1997	0.1990	0.3006	0.3007
/share/data/refseq/bacteria/GCF_000007545.1_ASM754v1_genomic.fna.gz	0.2393	0.2402	0.2595	0.2610
/share/data/refseq/bacteria/GCF_000007565.2_ASM756v2_genomic.fna.gz	0.1919	0.1928	0.3057	0.3095
/share/data/refseq/bacteria/GCF_000007585.1_ASM758v1_genomic.fna.gz	0.2582	0.2589	0.2408	0.2421
/share/data/refseq/bacteria/GCF_000007605.1_ASM760v1_genomic.fna.gz	0.3048	0.3034	0.1962	0.1957
/share/data/refseq/bacteria/GCF_000007625.1_ASM762v1_genomic.fna.gz	0.3538	0.3598	0.1457	0.1407
/share/data/refseq/bacteria/GCF_000007645.1_ASM764v1_genomic.fna.gz	0.3361	0.3434	0.1617	0.1587
/share/data/refseq/bacteria/GCF_000007665.1_ASM766v1_genomic.fna.gz	0.1620	0.1612	0.3385	0.3382
/share/data/refseq/bacteria/GCF_000007685.1_ASM768v1_genomic.fna.gz	0.3249	0.3246	0.1756	0.1748
/share/data/refseq/bacteria/GCF_000007705.1_ASM770v1_genomic.fna.gz	0.1754	0.1763	0.3242	0.3241
/share/data/refseq/bacteria/GCF_000007725.1_ASM772v1_genomic.fna.gz	0.3713	0.3752	0.1265	0.1269
/share/data/refseq/bacteria/GCF_000007745.1_ASM774v1_genomic.fna.gz	0.2873	0.2873	0.2146	0.2108
/share/data/refseq/bacteria/GCF_000007765.2_ASM776v2_genomic.fna.gz	0.2877	0.2863	0.2129	0.2131
/share/data/refseq/bacteria/GCF_000007785.1_ASM778v1_genomic.fna.gz	0.3122	0.3140	0.1870	0.1868
/share/data/refseq/bacteria/GCF_000007805.1_ASM780v1_genomic.fna.gz	0.2084	0.2082	0.2918	0.2916
/share/data/refseq/bacteria/GCF_000007825.1_ASM782v1_genomic.fna.gz	0.3238	0.3233	0.1762	0.1767
/share/data/refseq/bacteria/GCF_000007845.1_ASM784v1_genomic.fna.gz	0.3224	0.3238	0.1779	0.1759
/share/data/refseq/bacteria/GCF_000007865.1_ASM786v1_genomic.fna.gz	0.1539	0.1531	0.3470	0.3460
/share/data/refseq/bacteria/GCF_000007885.1_ASM788v1_genomic.fna.gz	0.2613	0.2620	0.2378	0.2389
/share/data/refseq/bacteria/GCF_000007905.1_ASM790v1_genomic.fna.gz	0.3219	0.3187	0.1824	0.1769
/share/data/refseq/bacteria/GCF_000007925.1_ASM792v1_genomic.fna.gz	0.3187	0.3168	0.1819	0.1825
/share/data/refseq/bacteria/GCF_000007945.1_ASM794v1_genomic.fna.gz	0.3053	0.3125	0.1851	0.1971
/share/data/refseq/bacteria/GCF_000007985.2_ASM798v2_genomic.fna.gz	0.1946	0.1960	0.3041	0.3053
/share/data/refseq/bacteria/GCF_000008005.1_ASM800v1_genomic.fna.gz	0.3227	0.3223	0.1775	0.1775
/share/data/refseq/bacteria/GCF_000008025.1_ASM802v1_genomic.fna.gz	0.3223	0.3254	0.1769	0.1754
/share/data/refseq/bacteria/GCF_000008045.1_ASM804v1_genomic.fna.gz	0.3553	0.3555	0.1466	0.1426
/share/data/refseq/bacteria/GCF_000008065.1_ASM806v1_genomic.fna.gz	0.3285	0.3253	0.1711	0.1750
/share/data/refseq/bacteria/GCF_000008105.1_ASM810v1_genomic.fna.gz	0.2397	0.2390	0.2605	0.2608
/share/data/refseq/bacteria/GCF_000008125.1_ASM812v1_genomic.fna.gz	0.1534	0.1525	0.3465	0.3476
/share/data/refseq/bacteria/GCF_000008145.1_ASM814v1_genomic.fna.gz	0.2137	0.2141	0.2859	0.2863
/share/data/refseq/bacteria/GCF_000008165.1_ASM816v1_genomic.fna.gz	0.3224	0.3238	0.1779	0.1759
/share/data/refseq/bacteria/GCF_000008185.1_ASM818v1_genomic.fna.gz	0.3101	0.3112	0.1910	0.1877
/share/data/refseq/bacteria/GCF_000008205.1_ASM820v1_genomic.fna.gz	0.3537	0.3611	0.1425	0.1427
/share/data/refseq/bacteria/GCF_000008225.1_ASM822v1_genomic.fna.gz	0.3530	0.3622	0.1427	0.1422
/share/data/refseq/bacteria/GCF_000008245.1_ASM824v1_genomic.fna.gz	0.3502	0.3649	0.1426	0.1423
/share/data/refseq/bacteria/GCF_000008285.1_ASM828v1_genomic.fna.gz	0.3109	0.3087	0.1914	0.1890
/share/data/refseq/bacteria/GCF_000008305.1_ASM830v1_genomic.fna.gz	0.3641	0.3657	0.1358	0.1344
/share/data/refseq/bacteria/GCF_000008325.1_ASM832v1_genomic.fna.gz	0.1824	0.1818	0.3188	0.3170
/share/data/refseq/bacteria/GCF_000008345.1_ASM834v1_genomic.fna.gz	0.1995	0.2004	0.3004	0.2997
/share/data/refseq/bacteria/GCF_000008365.1_ASM836v1_genomic.fna.gz	0.3746	0.3759	0.1252	0.1243
/share/data/refseq/bacteria/GCF_000008385.1_ASM838v1_genomic.fna.gz	0.3321	0.3261	0.1767	0.1651
/share/data/refseq/bacteria/GCF_000008405.1_ASM840v1_genomic.fna.gz	0.3551	0.3593	0.1429	0.1427
/share/data/refseq/bacteria/GCF_000008425.1_ASM842v1_genomic.fna.gz	0.2684	0.2696	0.2309	0.2310
/share/data/refseq/bacteria/GCF_000008445.1_ASM844v1_genomic.fna.gz	0.3229	0.3247	0.1774	0.1750
/share/data/refseq/bacteria/GCF_000008465.1_ASM846v1_genomic.fna.gz	0.2652	0.2644	0.2420	0.2284
/share/data/refseq/bacteria/GCF_000008485.1_ASM848v1_genomic.fna.gz	0.3087	0.3086	0.1909	0.1918
/share/data/refseq/bacteria/GCF_000008505.1_ASM850v1_genomic.fna.gz	0.3222	0.3242	0.1780	0.1756
/share/data/refseq/bacteria/GCF_000008525.1_ASM852v1_genomic.fna.gz	0.3030	0.3082	0.1961	0.1926
/share/data/refseq/bacteria/GCF_000008545.1_ASM854v1_genomic.fna.gz	0.2697	0.2678	0.2276	0.2348
/share/data/refseq/bacteria/GCF_000008565.1_ASM856v1_genomic.fna.gz	0.1673	0.1666	0.3334	0.3327
/share/data/refseq/bacteria/GCF_000008585.1_ASM858v1_genomic.fna.gz	0.1719	0.1720	0.3288	0.3273
/share/data/refseq/bacteria/GCF_000008605.1_ASM860v1_genomic.fna.gz	0.2354	0.2368	0.2621	0.2657
/share/data/refseq/bacteria/GCF_000008625.1_ASM862v1_genomic.fna.gz	0.2851	0.2819	0.2160	0.2171
/share/data/refseq/bacteria/GCF_000008685.2_ASM868v2_genomic.fna.gz	0.3644	0.3538	0.1380	0.1438
/share/data/refseq/bacteria/GCF_000008725.1_ASM872v1_genomic.fna.gz	0.2942	0.2927	0.2065	0.2066
/share/data/refseq/bacteria/GCF_000008745.1_ASM874v1_genomic.fna.gz	0.2985	0.2957	0.2032	0.2026
/share/data/refseq/bacteria/GCF_000008765.1_ASM876v1_genomic.fna.gz	0.3455	0.3453	0.1544	0.1549
/share/data/refseq/bacteria/GCF_000008785.1_ASM878v1_genomic.fna.gz	0.3033	0.3048	0.1970	0.1949
/share/data/refseq/bacteria/GCF_000008805.1_ASM880v1_genomic.fna.gz	0.2420	0.2427	0.2556	0.2597
/share/data/refseq/bacteria/GCF_000008865.1_ASM886v1_genomic.fna.gz	0.2480	0.2472	0.2515	0.2533
/share/data/refseq/bacteria/GCF_000008885.1_ASM888v1_genomic.fna.gz	0.3879	0.3874	0.1126	0.1121
/share/data/refseq/bacteria/GCF_000008925.1_ASM892v1_genomic.fna.gz	0.3354	0.3342	0.1651	0.1653
/share/data/refseq/bacteria/GCF_000008945.1_ASM894v1_genomic.fna.gz	0.1986	0.1997	0.2999	0.3018
/share/data/refseq/bacteria/GCF_000008985.1_ASM898v1_genomic.fna.gz	0.3403	0.3371	0.1591	0.1634
/share/data/refseq/bacteria/GCF_000009005.1_ASM900v1_genomic.fna.gz	0.3357	0.3366	0.1635	0.1643
/share/data/refseq/bacteria/GCF_000009025.1_ASM902v1_genomic.fna.gz	0.2650	0.2647	0.2345	0.2357
/share/data/refseq/bacteria/GCF_000009045.1_ASM904v1_genomic.fna.gz	0.2818	0.2830	0.2181	0.2171
/share/data/refseq/bacteria/GCF_000009065.1_ASM906v1_genomic.fna.gz	0.2619	0.2617	0.2372	0.2393
/share/data/refseq/bacteria/GCF_000009085.1_ASM908v1_genomic.fna.gz	0.3483	0.3462	0.1534	0.1520
/share/data/refseq/bacteria/GCF_000009105.1_ASM910v1_genomic.fna.gz	0.2400	0.2419	0.2589	0.2592
/share/data/refseq/bacteria/GCF_000009125.1_ASM912v1_genomic.fna.gz	0.1645	0.1657	0.3336	0.3362
/share/data/refseq/bacteria/GCF_000009145.1_ASM914v1_genomic.fna.gz	0.2484	0.2444	0.2585	0.2487
/share/data/refseq/bacteria/GCF_000009165.1_ASM916v1_genomic.fna.gz	0.1774	0.1770	0.3226	0.3230
/share/data/refseq/bacteria/GCF_000009205.1_ASM920v1_genomic.fna.gz	0.3556	0.3538	0.1441	0.1465
/share/data/refseq/bacteria/GCF_000009225.2_ASM922v1_genomic.fna.gz	0.1967	0.1982	0.3024	0.3026
/share/data/refseq/bacteria/GCF_000009245.1_ASM924v1_genomic.fna.gz	0.3379	0.3406	0.1589	0.1626
/share/data/refseq/bacteria/GCF_000009265.1_ASM926v1_genomic.fna.gz	0.1958	0.1956	0.3060	0.3026
/share/data/refseq/bacteria/GCF_000009285.1_ASM928v2_genomic.fna.gz	0.1683	0.1683	0.3315	0.3319
/share/data/refseq/bacteria/GCF_000009305.1_ASM930v1_genomic.fna.gz	0.3119	0.3064	0.1906	0.1911
/share/data/refseq/bacteria/GCF_000009325.1_ASM932v1_genomic.fna.gz	0.3403	0.3371	0.1592	0.1634
/share/data/refseq/bacteria/GCF_000009345.1_ASM934v1_genomic.fna.gz	0.2639	0.2639	0.2364	0.2358
/share/data/refseq/bacteria/GCF_000009365.1_ASM936v1_genomic.fna.gz	0.2263	0.2264	0.2734	0.2739
/share/data/refseq/bacteria/GCF_000009385.1_ASM938v1_genomic.fna.gz	0.3066	0.3071	0.1926	0.1937
/share/data/refseq/bacteria/GCF_000009405.1_ASM940v1_genomic.fna.gz	0.3248	0.3288	0.1753	0.1710
/share/data/refseq/bacteria/GCF_000009425.1_ASM942v1_genomic.fna.gz	0.3201	0.3224	0.1797	0.1778
/share/data/refseq/bacteria/GCF_000009445.1_ASM944v1_genomic.fna.gz	0.1718	0.1718	0.3290	0.3274
/share/data/refseq/bacteria/GCF_000009465.1_ASM946v1_genomic.fna.gz	0.2422	0.2416	0.2565	0.2597
/share/data/refseq/bacteria/GCF_000009485.1_ASM948v1_genomic.fna.gz	0.1654	0.1656	0.3345	0.3345
/share/data/refseq/bacteria/GCF_000009505.1_ASM950v1_genomic.fna.gz	0.2394	0.2389	0.2612	0.2605
/share/data/refseq/bacteria/GCF_000009525.1_ASM952v1_genomic.fna.gz	0.2390	0.2390	0.2603	0.2618
/share/data/refseq/bacteria/GCF_000009545.1_ASM954v1_genomic.fna.gz	0.3168	0.3169	0.1830	0.1833
/share/data/refseq/bacteria/GCF_000009565.1_ASM956v1_genomic.fna.gz	0.2461	0.2456	0.2544	0.2539
/share/data/refseq/bacteria/GCF_000009585.1_ASM958v1_genomic.fna.gz	0.3347	0.3362	0.1642	0.1649
/share/data/refseq/bacteria/GCF_000009605.1_ASM960v1_genomic.fna.gz	0.3709	0.3654	0.1308	0.1329
/share/data/refseq/bacteria/GCF_000009625.1_ASM962v1_genomic.fna.gz	0.1875	0.1875	0.3147	0.3103
/share/data/refseq/bacteria/GCF_000009645.1_ASM964v1_genomic.fna.gz	0.3344	0.3375	0.1638	0.1642
/share/data/refseq/bacteria/GCF_000009665.1_ASM966v1_genomic.fna.gz	0.3346	0.3370	0.1638	0.1647
/share/data/refseq/bacteria/GCF_000009685.1_ASM968v1_genomic.fna.gz	0.3498	0.3651	0.1473	0.1379
/share/data/refseq/bacteria/GCF_000009705.1_ASM970v1_genomic.fna.gz	0.2938	0.2935	0.2063	0.2064
/share/data/refseq/bacteria/GCF_000009725.1_ASM972v1_genomic.fna.gz	0.2629	0.2635	0.2365	0.2372
/share/data/refseq/bacteria/GCF_000009745.1_ASM974v1_genomic.fna.gz	0.2664	0.2668	0.2339	0.2329
/share/data/refseq/bacteria/GCF_000009765.2_ASM976v2_genomic.fna.gz	0.1472	0.1457	0.3538	0.3533
/share/data/refseq/bacteria/GCF_000009785.1_ASM978v1_genomic.fna.gz	0.2404	0.2398	0.2608	0.2590
/share/data/refseq/bacteria/GCF_000009805.1_ASM980v1_genomic.fna.gz	0.1465	0.1465	0.3530	0.3539
/share/data/refseq/bacteria/GCF_000009825.1_ASM982v1_genomic.fna.gz	0.2760	0.2765	0.2242	0.2233
/share/data/refseq/bacteria/GCF_000009845.1_ASM984v1_genomic.fna.gz	0.3645	0.3579	0.1394	0.1382
/share/data/refseq/bacteria/GCF_000009865.1_ASM986v1_genomic.fna.gz	0.3382	0.3340	0.1628	0.1650
/share/data/refseq/bacteria/GCF_000009885.1_ASM988v1_genomic.fna.gz	0.2132	0.2131	0.2867	0.2870
/share/data/refseq/bacteria/GCF_000009905.1_ASM990v1_genomic.fna.gz	0.1569	0.1564	0.3437	0.3430
/share/data/refseq/bacteria/GCF_000009925.1_ASM992v1_genomic.fna.gz	0.2835	0.2845	0.2160	0.2161
/share/data/refseq/bacteria/GCF_000009945.1_ASM994v1_genomic.fna.gz	0.3030	0.3036	0.1962	0.1972
/share/data/refseq/bacteria/GCF_000009985.1_ASM998v1_genomic.fna.gz	0.1751	0.1739	0.3264	0.3245
/share/data/refseq/bacteria/GCF_000010005.1_ASM1000v1_genomic.fna.gz	0.3059	0.3053	0.1925	0.1963
/share/data/refseq/bacteria/GCF_000010025.1_ASM1002v1_genomic.fna.gz	0.1819	0.1810	0.3191	0.3179
/share/data/refseq/bacteria/GCF_000010045.1_ASM1004v1_genomic.fna.gz	0.2611	0.2653	0.2461	0.2275
/share/data/refseq/bacteria/GCF_000010065.1_ASM1006v1_genomic.fna.gz	0.2223	0.2229	0.2774	0.2774
/share/data/refseq/bacteria/GCF_000010085.1_ASM1008v1_genomic.fna.gz	0.2278	0.2271	0.2705	0.2745
/share/data/refseq/bacteria/GCF_000010105.1_ASM1010v1_genomic.fna.gz	0.1887	0.1882	0.3117	0.3114
/share/data/refseq/bacteria/GCF_000010125.1_ASM1012v1_genomic.fna.gz	0.3346	0.3335	0.1652	0.1667
/share/data/refseq/bacteria/GCF_000010145.1_ASM1014v1_genomic.fna.gz	0.2456	0.2397	0.2564	0.2583
/share/data/refseq/bacteria/GCF_000010165.1_ASM1016v1_genomic.fna.gz	0.2634	0.2639	0.2365	0.2363
/share/data/refseq/bacteria/GCF_000010185.1_ASM1018v1_genomic.fna.gz	0.3327	0.3466	0.1646	0.1560
/share/data/refseq/bacteria/GCF_000010205.1_ASM1020v1_genomic.fna.gz	0.3470	0.3479	0.1510	0.1541
/share/data/refseq/bacteria/GCF_000010225.1_ASM1022v1_genomic.fna.gz	0.2295	0.2292	0.2700	0.2713
/share/data/refseq/bacteria/GCF_000010245.2_ASM1024v1_genomic.fna.gz	0.2458	0.2462	0.2538	0.2542
/share/data/refseq/bacteria/GCF_000010265.1_ASM1026v1_genomic.fna.gz	0.3388	0.3411	0.1618	0.1584
/share/data/refseq/bacteria/GCF_000010285.1_ASM1028v1_genomic.fna.gz	0.1439	0.1445	0.3555	0.3561
/share/data/refseq/bacteria/GCF_000010305.1_ASM1030v1_genomic.fna.gz	0.1794	0.1778	0.3219	0.3208
/share/data/refseq/bacteria/GCF_000010325.1_ASM1032v1_genomic.fna.gz	0.3012	0.3019	0.1989	0.1980
/share/data/refseq/bacteria/GCF_000010345.1_ASM1034v1_genomic.fna.gz	0.2797	0.2816	0.2193	0.2194
/share/data/refseq/bacteria/GCF_000010385.1_ASM1038v1_genomic.fna.gz	0.2461	0.2465	0.2540	0.2534
/share/data/refseq/bacteria/GCF_000010405.1_ASM1040v1_genomic.fna.gz	0.3438	0.3403	0.1581	0.1578
/share/data/refseq/bacteria/GCF_000010425.1_ASM1042v1_genomic.fna.gz	0.2049	0.2033	0.2965	0.2953
/share/data/refseq/bacteria/GCF_000010445.1_ASM1044v1_genomic.fna.gz	0.3346	0.3366	0.1639	0.1649
/share/data/refseq/bacteria/GCF_000010465.1_ASM1046v1_genomic.fna.gz	0.3348	0.3363	0.1638	0.1651
/share/data/refseq/bacteria/GCF_000010485.1_ASM1048v1_genomic.fna.gz	0.2465	0.2461	0.2536	0.2539
/share/data/refseq/bacteria/GCF_000010505.1_ASM1050v1_genomic.fna.gz	0.2587	0.2577	0.2424	0.2411
/share/data/refseq/bacteria/GCF_000010525.1_ASM1052v1_genomic.fna.gz	0.1634	0.1635	0.3373	0.3359
/share/data/refseq/bacteria/GCF_000010545.1_ASM1054v1_genomic.fna.gz	0.1664	0.1668	0.3337	0.3332
/share/data/refseq/bacteria/GCF_000010585.1_ASM1058v1_genomic.fna.gz	0.3195	0.3148	0.1808	0.1849
/share/data/refseq/bacteria/GCF_000010605.1_ASM1060v1_genomic.fna.gz	0.1395	0.1383	0.3616	0.3607
/share/data/refseq/bacteria/GCF_000010625.1_ASM1062v1_genomic.fna.gz	0.2886	0.2881	0.2118	0.2115
/share/data/refseq/bacteria/GCF_000010645.1_ASM1064v1_genomic.fna.gz	0.3332	0.3373	0.1672	0.1623
/share/data/refseq/bacteria/GCF_000010665.1_ASM1066v1_genomic.fna.gz	0.1865	0.1867	0.3135	0.3132
/share/data/refseq/bacteria/GCF_000010685.1_ASM1068v1_genomic.fna.gz	0.1718	0.1718	0.3289	0.3275
/share/data/refseq/bacteria/GCF_000010705.1_ASM1070v1_genomic.fna.gz	0.3012	0.3030	0.1989	0.1968
/share/data/refseq/bacteria/GCF_000010725.1_ASM1072v1_genomic.fna.gz	0.1619	0.1620	0.3381	0.3380
/share/data/refseq/bacteria/GCF_000010745.1_ASM1074v1_genomic.fna.gz	0.2469	0.2468	0.2540	0.2524
/share/data/refseq/bacteria/GCF_000010765.1_ASM1076v1_genomic.fna.gz	0.2482	0.2474	0.2521	0.2523
/share/data/refseq/bacteria/GCF_000010785.1_ASM1078v1_genomic.fna.gz	0.2781	0.2819	0.2209	0.2191
/share/data/refseq/bacteria/GCF_000010805.1_ASM1080v1_genomic.fna.gz	0.1615	0.1623	0.3369	0.3393
/share/data/refseq/bacteria/GCF_000010825.1_ASM1082v1_genomic.fna.gz	0.2348	0.2342	0.2674	0.2636
/share/data/refseq/bacteria/GCF_000010845.1_ASM1084v1_genomic.fna.gz	0.2348	0.2342	0.2674	0.2636
/share/data/refseq/bacteria/GCF_000010865.1_ASM1086v1_genomic.fna.gz	0.2348	0.2342	0.2674	0.2636
/share/data/refseq/bacteria/GCF_000010885.1_ASM1088v1_genomic.fna.gz	0.2348	0.2342	0.2674	0.2636
/share/data/refseq/bacteria/GCF_000010905.1_ASM1090v1_genomic.fna.gz	0.2348	0.2342	0.2674	0.2636
/share/data/refseq/bacteria/GCF_000010925.1_ASM1092v1_genomic.fna.gz	0.2348	0.2342	0.2674	0.2635
/share/data/refseq/bacteria/GCF_000010945.1_ASM1094v1_genomic.fna.gz	0.2345	0.2341	0.2675	0.2639
/share/data/refseq/bacteria/GCF_000010965.1_ASM1096v1_genomic.fna.gz	0.2348	0.2342	0.2674	0.2635
/share/data/refseq/bacteria/GCF_000010985.1_ASM1098v1_genomic.fna.gz	0.3483	0.3486	0.1512	0.1519
/share/data/refseq/bacteria/GCF_000011025.1_ASM1102v1_genomic.fna.gz	0.2017	0.2021	0.2987	0.2975
/share/data/refseq/bacteria/GCF_000011045.1_ASM1104v1_genomic.fna.gz	0.2655	0.2676	0.2339	0.2330
/share/data/refseq/bacteria/GCF_000011065.1_ASM1106v1_genomic.fna.gz	0.2845	0.2869	0.2134	0.2152
/share/data/refseq/bacteria/GCF_000011145.1_ASM1114v1_genomic.fna.gz	0.2822	0.2809	0.2166	0.2203
/share/data/refseq/bacteria/GCF_000011165.1_ASM1116v1_genomic.fna.gz	0.2986	0.2956	0.2033	0.2026
/share/data/refseq/bacteria/GCF_000011225.1_ASM1122v1_genomic.fna.gz	0.3705	0.3723	0.1285	0.1287
/share/data/refseq/bacteria/GCF_000011245.1_ASM1124v1_genomic.fna.gz	0.3210	0.3221	0.1786	0.1782
/share/data/refseq/bacteria/GCF_000011265.1_ASM1126v1_genomic.fna.gz	0.3341	0.3376	0.1639	0.1644
/share/data/refseq/bacteria/GCF_000011285.1_ASM1128v1_genomic.fna.gz	0.3089	0.3056	0.1905	0.1950
/share/data/refseq/bacteria/GCF_000011305.1_ASM1130v1_genomic.fna.gz	0.1850	0.1853	0.3140	0.3158
/share/data/refseq/bacteria/GCF_000011325.1_ASM1132v1_genomic.fna.gz	0.2310	0.2309	0.2703	0.2678
/share/data/refseq/bacteria/GCF_000011345.1_ASM1134v1_genomic.fna.gz	0.2309	0.2299	0.2694	0.2698
/share/data/refseq/bacteria/GCF_000011365.1_ASM1136v1_genomic.fna.gz	0.1796	0.1798	0.3202	0.3204
/share/data/refseq/bacteria/GCF_000011385.1_ASM1138v1_genomic.fna.gz	0.1906	0.1894	0.3101	0.3099
/share/data/refseq/bacteria/GCF_000011405.1_ASM1140v1_genomic.fna.gz	0.3376	0.3409	0.1586	0.1630
/share/data/refseq/bacteria/GCF_000011445.1_ASM1144v1_genomic.fna.gz	0.3767	0.3836	0.1206	0.1191
/share/data/refseq/bacteria/GCF_000011465.1_ASM1146v1_genomic.fna.gz	0.3447	0.3473	0.1545	0.1535
/share/data/refseq/bacteria/GCF_000011485.1_ASM1148v1_genomic.fna.gz	0.2564	0.2362	0.2619	0.2455
/share/data/refseq/bacteria/GCF_000011505.1_ASM1150v1_genomic.fna.gz	0.3339	0.3380	0.1642	0.1639
/share/data/refseq/bacteria/GCF_000011525.1_ASM1152v1_genomic.fna.gz	0.3354	0.3364	0.1630	0.1652
/share/data/refseq/bacteria/GCF_000011545.1_ASM1154v1_genomic.fna.gz	0.1594	0.1600	0.3414	0.3392
/share/data/refseq/bacteria/GCF_000011565.1_ASM1156v1_genomic.fna.gz	0.3257	0.3272	0.1732	0.1740
/share/data/refseq/bacteria/GCF_000011605.1_ASM1160v1_genomic.fna.gz	0.2458	0.2445	0.2548	0.2549
/share/data/refseq/bacteria/GCF_000011625.1_ASM1162v1_genomic.fna.gz	0.3242	0.3245	0.1759	0.1754
/share/data/refseq/bacteria/GCF_000011645.1_ASM1164v1_genomic.fna.gz	0.2685	0.2696	0.2309	0.2310
/share/data/refseq/bacteria/GCF_000011665.1_ASM1166v1_genomic.fna.gz	0.3051	0.3081	0.1939	0.1929
/share/data/refseq/bacteria/GCF_000011685.1_ASM1168v1_genomic.fna.gz	0.1945	0.1973	0.3000	0.3081
/share/data/refseq/bacteria/GCF_000011705.1_ASM1170v1_genomic.fna.gz	0.1574	0.1577	0.3441	0.3407
/share/data/refseq/bacteria/GCF_000011725.1_ASM1172v1_genomic.fna.gz	0.3036	0.3087	0.1958	0.1919
/share/data/refseq/bacteria/GCF_000011745.1_ASM1174v1_genomic.fna.gz	0.3577	0.3466	0.1482	0.1475
/share/data/refseq/bacteria/GCF_000011765.3_ASM1176v2_genomic.fna.gz	0.3062	0.3085	0.1928	0.1926
/share/data/refseq/bacteria/GCF_000011785.1_ASM1178v1_genomic.fna.gz	0.3136	0.3144	0.1861	0.1859
/share/data/refseq/bacteria/GCF_000011805.1_ASM1180v1_genomic.fna.gz	0.3091	0.3074	0.1923	0.1911
/share/data/refseq/bacteria/GCF_000011825.1_ASM1182v1_genomic.fna.gz	0.3062	0.3029	0.1946	0.1963
/share/data/refseq/bacteria/GCF_000011845.1_ASM1184v1_genomic.fna.gz	0.3062	0.3029	0.1945	0.1963
/share/data/refseq/bacteria/GCF_000011865.1_ASM1186v1_genomic.fna.gz	0.3496	0.3473	0.1522	0.1509
/share/data/refseq/bacteria/GCF_000011885.1_ASM1188v1_genomic.fna.gz	0.2390	0.2393	0.2617	0.2599
/share/data/refseq/bacteria/GCF_000011905.1_ASM1190v1_genomic.fna.gz	0.2545	0.2570	0.2420	0.2465
/share/data/refseq/bacteria/GCF_000011925.1_ASM1192v1_genomic.fna.gz	0.3338	0.3448	0.1632	0.1583
/share/data/refseq/bacteria/GCF_000011945.1_ASM1194v1_genomic.fna.gz	0.2516	0.2508	0.2511	0.2465
/share/data/refseq/bacteria/GCF_000011965.2_ASM1196v2_genomic.fna.gz	0.1798	0.1795	0.3196	0.3211
/share/data/refseq/bacteria/GCF_000011985.1_ASM1198v1_genomic.fna.gz	0.3266	0.3262	0.1707	0.1764
/share/data/refseq/bacteria/GCF_000012005.1_ASM1200v1_genomic.fna.gz	0.2446	0.2457	0.2558	0.2539
/share/data/refseq/bacteria/GCF_000012025.1_ASM1202v1_genomic.fna.gz	0.2444	0.2445	0.2549	0.2562
/share/data/refseq/bacteria/GCF_000012045.1_ASM1204v1_genomic.fna.gz	0.3359	0.3360	0.1630	0.1652
/share/data/refseq/bacteria/GCF_000012065.2_ASM1206v2_genomic.fna.gz	0.3484	0.3494	0.1472	0.1549
/share/data/refseq/bacteria/GCF_000012085.1_ASM1208v1_genomic.fna.gz	0.3516	0.3573	0.1454	0.1457
/share/data/refseq/bacteria/GCF_000012105.1_ASM1210v1_genomic.fna.gz	0.1750	0.1754	0.3256	0.3239
/share/data/refseq/bacteria/GCF_000012125.1_ASM1212v1_genomic.fna.gz	0.2943	0.2931	0.2063	0.2064
/share/data/refseq/bacteria/GCF_000012145.1_ASM1214v1_genomic.fna.gz	0.3396	0.3353	0.1613	0.1638
/share/data/refseq/bacteria/GCF_000012165.1_ASM1216v1_genomic.fna.gz	0.3061	0.3104	0.1923	0.1913
/share/data/refseq/bacteria/GCF_000012185.1_ASM1218v1_genomic.fna.gz	0.3089	0.3095	0.1907	0.1909
/share/data/refseq/bacteria/GCF_000012205.1_ASM1220v1_genomic.fna.gz	0.2098	0.2111	0.2889	0.2903
/share/data/refseq/bacteria/GCF_000012225.1_ASM1222v1_genomic.fna.gz	0.3643	0.3676	0.1331	0.1350
/share/data/refseq/bacteria/GCF_000012245.1_ASM1224v1_genomic.fna.gz	0.2035	0.2042	0.2965	0.2958
/share/data/refseq/bacteria/GCF_000012265.1_ASM1226v1_genomic.fna.gz	0.1845	0.1824	0.3176	0.3155
/share/data/refseq/bacteria/GCF_000012305.1_ASM1230v1_genomic.fna.gz	0.2856	0.2864	0.2137	0.2143
/share/data/refseq/bacteria/GCF_000012325.1_ASM1232v1_genomic.fna.gz	0.3103	0.3096	0.1897	0.1904
/share/data/refseq/bacteria/GCF_000012345.1_ASM1234v1_genomic.fna.gz	0.3531	0.3501	0.1477	0.1491
/share/data/refseq/bacteria/GCF_000012365.1_ASM1236v1_genomic.fna.gz	0.1613	0.1625	0.3352	0.3411
/share/data/refseq/bacteria/GCF_000012385.1_ASM1238v1_genomic.fna.gz	0.3388	0.3447	0.1606	0.1558
/share/data/refseq/bacteria/GCF_000012405.1_ASM1240v1_genomic.fna.gz	0.1625	0.1624	0.3372	0.3378
/share/data/refseq/bacteria/GCF_000012425.1_ASM1242v1_genomic.fna.gz	0.2032	0.2044	0.2962	0.2963
/share/data/refseq/bacteria/GCF_000012445.1_ASM1244v1_genomic.fna.gz	0.1983	0.1965	0.3033	0.3019
/share/data/refseq/bacteria/GCF_000012465.1_ASM1246v1_genomic.fna.gz	0.3251	0.3236	0.1753	0.1760
/share/data/refseq/bacteria/GCF_000012485.1_ASM1248v1_genomic.fna.gz	0.2159	0.2108	0.2875	0.2858
/share/data/refseq/bacteria/GCF_000012505.1_ASM1250v1_genomic.fna.gz	0.2283	0.2301	0.2713	0.2703
/share/data/refseq/bacteria/GCF_000012525.1_ASM1252v1_genomic.fna.gz	0.2232	0.2225	0.2771	0.2772
/share/data/refseq/bacteria/GCF_000012565.1_ASM1256v1_genomic.fna.gz	0.3559	0.3545	0.1457	0.1439
/share/data/refseq/bacteria/GCF_000012585.1_ASM1258v1_genomic.fna.gz	0.2794	0.2778	0.2197	0.2231
/share/data/refseq/bacteria/GCF_000012605.1_ASM1260v1_genomic.fna.gz	0.2852	0.2835	0.2135	0.2178
/share/data/refseq/bacteria/GCF_000012625.1_ASM1262v1_genomic.fna.gz	0.2041	0.2037	0.2957	0.2965
/share/data/refseq/bacteria/GCF_000012645.1_ASM1264v1_genomic.fna.gz	0.3432	0.3447	0.1561	0.1560
/share/data/refseq/bacteria/GCF_000012665.1_ASM1266v1_genomic.fna.gz	0.2112	0.2104	0.2883	0.2901
/share/data/refseq/bacteria/GCF_000012685.1_ASM1268v1_genomic.fna.gz	0.1560	0.1551	0.3451	0.3439
/share/data/refseq/bacteria/GCF_000012705.1_ASM1270v1_genomic.fna.gz	0.3244	0.3194	0.1771	0.1791
/share/data/refseq/bacteria/GCF_000012725.1_ASM1272v1_genomic.fna.gz	0.1904	0.1891	0.3112	0.3093
/share/data/refseq/bacteria/GCF_000012745.1_ASM1274v1_genomic.fna.gz	0.1697	0.1696	0.3301	0.3305
/share/data/refseq/bacteria/GCF_000012765.1_ASM1276v1_genomic.fna.gz	0.3829	0.3794	0.1178	0.1199
/share/data/refseq/bacteria/GCF_000012785.1_ASM1278v1_genomic.fna.gz	0.1599	0.1604	0.3410	0.3388
/share/data/refseq/bacteria/GCF_000012805.1_ASM1280v1_genomic.fna.gz	0.2496	0.2470	0.2524	0.2510
/share/data/refseq/bacteria/GCF_000012825.1_ASM1282v1_genomic.fna.gz	0.2895	0.2885	0.2120	0.2101
/share/data/refseq/bacteria/GCF_000012845.1_ASM1284v1_genomic.fna.gz	0.2765	0.2730	0.2245	0.2261
/share/data/refseq/bacteria/GCF_000012865.1_ASM1286v1_genomic.fna.gz	0.2901	0.2895	0.2104	0.2101
/share/data/refseq/bacteria/GCF_000012885.1_ASM1288v1_genomic.fna.gz	0.2240	0.2249	0.2750	0.2762
/share/data/refseq/bacteria/GCF_000012905.2_ASM1290v2_genomic.fna.gz	0.1565	0.1556	0.3449	0.3430
/share/data/refseq/bacteria/GCF_000012925.1_ASM1292v1_genomic.fna.gz	0.2037	0.2014	0.2986	0.2962
/share/data/refseq/bacteria/GCF_000012945.1_ASM1294v1_genomic.fna.gz	0.1686	0.1687	0.3307	0.3320
/share/data/refseq/bacteria/GCF_000012965.1_ASM1296v1_genomic.fna.gz	0.3301	0.3253	0.1712	0.1734
/share/data/refseq/bacteria/GCF_000012985.1_ASM1298v1_genomic.fna.gz	0.2305	0.2308	0.2700	0.2687
/share/data/refseq/bacteria/GCF_000013005.1_ASM1300v1_genomic.fna.gz	0.1849	0.1844	0.3148	0.3159
/share/data/refseq/bacteria/GCF_000013025.1_ASM1302v1_genomic.fna.gz	0.1898	0.1909	0.3102	0.3091
/share/data/refseq/bacteria/GCF_000013045.1_ASM1304v1_genomic.fna.gz	0.1697	0.1689	0.3308	0.3305
/share/data/refseq/bacteria/GCF_000013065.1_ASM1306v1_genomic.fna.gz	0.3219	0.3234	0.1784	0.1763
/share/data/refseq/bacteria/GCF_000013085.1_ASM1308v1_genomic.fna.gz	0.1732	0.1731	0.3268	0.3270
/share/data/refseq/bacteria/GCF_000013105.1_ASM1310v1_genomic.fna.gz	0.2216	0.2205	0.2785	0.2794
/share/data/refseq/bacteria/GCF_000013125.1_ASM1312v1_genomic.fna.gz	0.2890	0.2946	0.2044	0.2119
/share/data/refseq/bacteria/GCF_000013145.1_ASM1314v1_genomic.fna.gz	0.3512	0.3478	0.1480	0.1531
/share/data/refseq/bacteria/GCF_000013165.1_ASM1316v1_genomic.fna.gz	0.2933	0.2958	0.2063	0.2045
/share/data/refseq/bacteria/GCF_000013185.1_ASM1318v1_genomic.fna.gz	0.3335	0.3341	0.1663	0.1661
/share/data/refseq/bacteria/GCF_000013205.1_ASM1320v1_genomic.fna.gz	0.1988	0.1988	0.3008	0.3015
/share/data/refseq/bacteria/GCF_000013225.1_ASM1322v1_genomic.fna.gz	0.2084	0.2071	0.2926	0.2919
/share/data/refseq/bacteria/GCF_000013245.1_ASM1324v1_genomic.fna.gz	0.3043	0.3050	0.1957	0.1950
/share/data/refseq/bacteria/GCF_000013265.1_ASM1326v1_genomic.fna.gz	0.2468	0.2471	0.2533	0.2529
/share/data/refseq/bacteria/GCF_000013285.1_ASM1328v1_genomic.fna.gz	0.3525	0.3637	0.1446	0.1392
/share/data/refseq/bacteria/GCF_000013305.1_ASM1330v1_genomic.fna.gz	0.2476	0.2473	0.2534	0.2518
/share/data/refseq/bacteria/GCF_000013325.1_ASM1332v1_genomic.fna.gz	0.1750	0.1738	0.3258	0.3254
/share/data/refseq/bacteria/GCF_000013345.1_ASM1334v1_genomic.fna.gz	0.1498	0.1494	0.3505	0.3503
/share/data/refseq/bacteria/GCF_000013365.1_ASM1336v1_genomic.fna.gz	0.1699	0.1697	0.3308	0.3296
/share/data/refseq/bacteria/GCF_000013385.1_ASM1338v1_genomic.fna.gz	0.1249	0.1261	0.3755	0.3736
/share/data/refseq/bacteria/GCF_000013405.1_ASM1340v1_genomic.fna.gz	0.2431	0.2423	0.2556	0.2590
/share/data/refseq/bacteria/GCF_000013425.1_ASM1342v1_genomic.fna.gz	0.3327	0.3386	0.1651	0.1636
/share/data/refseq/bacteria/GCF_000013465.1_ASM1346v1_genomic.fna.gz	0.3352	0.3378	0.1633	0.1636
/share/data/refseq/bacteria/GCF_000013485.1_ASM1348v1_genomic.fna.gz	0.3085	0.3061	0.1908	0.1946
/share/data/refseq/bacteria/GCF_000013505.1_ASM1350v1_genomic.fna.gz	0.3081	0.3076	0.1914	0.1929
/share/data/refseq/bacteria/GCF_000013525.1_ASM1352v1_genomic.fna.gz	0.3060	0.3068	0.1933	0.1939
/share/data/refseq/bacteria/GCF_000013545.1_ASM1354v1_genomic.fna.gz	0.3104	0.3064	0.1890	0.1942
/share/data/refseq/bacteria/GCF_000013565.1_ASM1356v1_genomic.fna.gz	0.1883	0.1893	0.3080	0.3144
/share/data/refseq/bacteria/GCF_000013585.1_ASM1358v1_genomic.fna.gz	0.2458	0.2450	0.2551	0.2540
/share/data/refseq/bacteria/GCF_000013605.1_ASM1360v1_genomic.fna.gz	0.2010	0.2031	0.2980	0.2979
/share/data/refseq/bacteria/GCF_000013625.1_ASM1362v1_genomic.fna.gz	0.2283	0.2293	0.2713	0.2711
/share/data/refseq/bacteria/GCF_000013645.1_ASM1364v1_genomic.fna.gz	0.1867	0.1870	0.3125	0.3138
/share/data/refseq/bacteria/GCF_000013665.1_ASM1366v1_genomic.fna.gz	0.2709	0.2709	0.2294	0.2288
/share/data/refseq/bacteria/GCF_000013685.1_ASM1368v1_genomic.fna.gz	0.1756	0.1763	0.3230	0.3251
/share/data/refseq/bacteria/GCF_000013705.1_ASM1370v1_genomic.fna.gz	0.2209	0.2219	0.2790	0.2782
/share/data/refseq/bacteria/GCF_000013745.1_ASM1374v1_genomic.fna.gz	0.1755	0.1749	0.3255	0.3240
/share/data/refseq/bacteria/GCF_000013765.1_ASM1376v1_genomic.fna.gz	0.2748	0.2737	0.2263	0.2252
/share/data/refseq/bacteria/GCF_000013785.1_ASM1378v1_genomic.fna.gz	0.1805	0.1807	0.3193	0.3195
/share/data/refseq/bacteria/GCF_000013805.1_ASM1380v1_genomic.fna.gz	0.2621	0.2615	0.2399	0.2364
/share/data/refseq/bacteria/GCF_000013825.1_ASM1382v1_genomic.fna.gz	0.2615	0.2614	0.2388	0.2382
/share/data/refseq/bacteria/GCF_000013865.1_ASM1386v1_genomic.fna.gz	0.1910	0.1892	0.3098	0.3099
/share/data/refseq/bacteria/GCF_000013885.1_ASM1388v1_genomic.fna.gz	0.1923	0.1916	0.3079	0.3083
/share/data/refseq/bacteria/GCF_000013905.1_ASM1390v1_genomic.fna.gz	0.2884	0.2892	0.2108	0.2116
/share/data/refseq/bacteria/GCF_000013945.1_ASM1394v1_genomic.fna.gz	0.2994	0.2983	0.2006	0.2016
/share/data/refseq/bacteria/GCF_000013965.1_ASM1396v1_genomic.fna.gz	0.2989	0.2986	0.2020	0.2005
/share/data/refseq/bacteria/GCF_000013985.1_ASM1398v1_genomic.fna.gz	0.1735	0.1719	0.3276	0.3270
/share/data/refseq/bacteria/GCF_000014005.1_ASM1400v1_genomic.fna.gz	0.2083	0.2079	0.2916	0.2923
/share/data/refseq/bacteria/GCF_000014025.1_ASM1402v1_genomic.fna.gz	0.3659	0.3637	0.1356	0.1348
/share/data/refseq/bacteria/GCF_000014045.1_ASM1404v1_genomic.fna.gz	0.2057	0.2055	0.2941	0.2947
/share/data/refseq/bacteria/GCF_000014065.1_ASM1406v1_genomic.fna.gz	0.2000	0.1995	0.3007	0.2999
/share/data/refseq/bacteria/GCF_000014085.1_ASM1408v1_genomic.fna.gz	0.1656	0.1651	0.3345	0.3347
/share/data/refseq/bacteria/GCF_000014105.1_ASM1410v1_genomic.fna.gz	0.2416	0.2414	0.2574	0.2596
/share/data/refseq/bacteria/GCF_000014125.1_ASM1412v1_genomic.fna.gz	0.3579	0.3535	0.1437	0.1449
/share/data/refseq/bacteria/GCF_000014145.1_ASM1414v1_genomic.fna.gz	0.3066	0.3049	0.1941	0.1944
/share/data/refseq/bacteria/GCF_000014165.1_ASM1416v1_genomic.fna.gz	0.1582	0.1579	0.3423	0.3416
/share/data/refseq/bacteria/GCF_000014185.1_ASM1418v1_genomic.fna.gz	0.1478	0.1475	0.3534	0.3514
/share/data/refseq/bacteria/GCF_000014205.1_ASM1420v1_genomic.fna.gz	0.2830	0.2830	0.2171	0.2169
/share/data/refseq/bacteria/GCF_000014225.1_ASM1422v1_genomic.fna.gz	0.2767	0.2771	0.2234	0.2228
/share/data/refseq/bacteria/GCF_000014245.1_ASM1424v1_genomic.fna.gz	0.1944	0.1947	0.3063	0.3047
/share/data/refseq/bacteria/GCF_000014265.1_ASM1426v1_genomic.fna.gz	0.3292	0.3294	0.1704	0.1711
/share/data/refseq/bacteria/GCF_000014285.1_ASM1428v1_genomic.fna.gz	0.2050	0.2042	0.2957	0.2950
/share/data/refseq/bacteria/GCF_000014345.1_ASM1434v1_genomic.fna.gz	0.3437	0.3457	0.1552	0.1553
/share/data/refseq/bacteria/GCF_000014365.1_ASM1436v1_genomic.fna.gz	0.3019	0.3010	0.1978	0.1992
/share/data/refseq/bacteria/GCF_000014385.1_ASM1438v1_genomic.fna.gz	0.3115	0.3096	0.1885	0.1904
/share/data/refseq/bacteria/GCF_000014405.1_ASM1440v1_genomic.fna.gz	0.2511	0.2521	0.2487	0.2482
/share/data/refseq/bacteria/GCF_000014425.1_ASM1442v1_genomic.fna.gz	0.3264	0.3210	0.1745	0.1781
/share/data/refseq/bacteria/GCF_000014445.1_ASM1444v1_genomic.fna.gz	0.3113	0.3121	0.1863	0.1904
/share/data/refseq/bacteria/GCF_000014465.1_ASM1446v1_genomic.fna.gz	0.2689	0.2705	0.2369	0.2237
/share/data/refseq/bacteria/GCF_000014485.1_ASM1448v1_genomic.fna.gz	0.3069	0.3024	0.1952	0.1955
/share/data/refseq/bacteria/GCF_000014505.1_ASM1450v1_genomic.fna.gz	0.3129	0.3135	0.1867	0.1869
/share/data/refseq/bacteria/GCF_000014525.1_ASM1452v1_genomic.fna.gz	0.2663	0.2680	0.2331	0.2326
/share/data/refseq/bacteria/GCF_000014545.1_ASM1454v1_genomic.fna.gz	0.3204	0.3217	0.1793	0.1786
/share/data/refseq/bacteria/GCF_000014565.1_ASM1456v1_genomic.fna.gz	0.1646	0.1656	0.3342	0.3356
/share/data/refseq/bacteria/GCF_000014585.1_ASM1458v1_genomic.fna.gz	0.2373	0.2382	0.2627	0.2618
/share/data/refseq/bacteria/GCF_000014605.1_ASM1460v1_genomic.fna.gz	0.3379	0.3405	0.1589	0.1627
/share/data/refseq/bacteria/GCF_000014625.1_ASM1462v1_genomic.fna.gz	0.1686	0.1685	0.3315	0.3314
/share/data/refseq/bacteria/GCF_000014645.1_ASM1464v1_genomic.fna.gz	0.3387	0.3366	0.1642	0.1605
/share/data/refseq/bacteria/GCF_000014665.1_ASM1466v1_genomic.fna.gz	0.2617	0.2597	0.2398	0.2388
/share/data/refseq/bacteria/GCF_000014685.1_ASM1468v1_genomic.fna.gz	0.2605	0.2605	0.2392	0.2398
/share/data/refseq/bacteria/GCF_000014705.1_ASM1470v1_genomic.fna.gz	0.2919	0.2922	0.2076	0.2082
/share/data/refseq/bacteria/GCF_000014725.1_ASM1472v1_genomic.fna.gz	0.2759	0.2754	0.2261	0.2226
/share/data/refseq/bacteria/GCF_000014745.1_ASM1474v1_genomic.fna.gz	0.1866	0.1861	0.3137	0.3136
/share/data/refseq/bacteria/GCF_000014765.1_ASM1476v1_genomic.fna.gz	0.2575	0.2571	0.2423	0.2431
/share/data/refseq/bacteria/GCF_000014785.1_ASM1478v1_genomic.fna.gz	0.1630	0.1617	0.3375	0.3378
/share/data/refseq/bacteria/GCF_000014805.1_ASM1480v1_genomic.fna.gz	0.1925	0.1920	0.3073	0.3082
/share/data/refseq/bacteria/GCF_000014825.1_ASM1482v1_genomic.fna.gz	0.1776	0.1780	0.3221	0.3223
/share/data/refseq/bacteria/GCF_000014845.1_ASM1484v1_genomic.fna.gz	0.2485	0.2481	0.2514	0.2520
/share/data/refseq/bacteria/GCF_000014865.1_ASM1486v1_genomic.fna.gz	0.2303	0.2280	0.2741	0.2676
/share/data/refseq/bacteria/GCF_000014885.1_ASM1488v1_genomic.fna.gz	0.2841	0.2830	0.2161	0.2168
/share/data/refseq/bacteria/GCF_000014905.1_ASM1490v1_genomic.fna.gz	0.1902	0.1907	0.3103	0.3087
/share/data/refseq/bacteria/GCF_000014925.1_ASM1492v1_genomic.fna.gz	0.1885	0.1872	0.3120	0.3123
/share/data/refseq/bacteria/GCF_000014965.1_ASM1496v1_genomic.fna.gz	0.2014	0.1991	0.2995	0.3000
/share/data/refseq/bacteria/GCF_000014985.1_ASM1498v1_genomic.fna.gz	0.1545	0.1556	0.3444	0.3454
/share/data/refseq/bacteria/GCF_000015005.1_ASM1500v1_genomic.fna.gz	0.1632	0.1628	0.3373	0.3367
/share/data/refseq/bacteria/GCF_000015025.1_ASM1502v1_genomic.fna.gz	0.1652	0.1657	0.3343	0.3348
/share/data/refseq/bacteria/GCF_000015045.1_ASM1504v1_genomic.fna.gz	0.2089	0.2063	0.2923	0.2925
/share/data/refseq/bacteria/GCF_000015065.1_ASM1506v1_genomic.fna.gz	0.3227	0.3230	0.1776	0.1768
/share/data/refseq/bacteria/GCF_000015085.1_ASM1508v1_genomic.fna.gz	0.3384	0.3286	0.1645	0.1685
/share/data/refseq/bacteria/GCF_000015105.1_ASM1510v1_genomic.fna.gz	0.3300	0.3297	0.1694	0.1709
/share/data/refseq/bacteria/GCF_000015125.1_ASM1512v1_genomic.fna.gz	0.2562	0.2603	0.2453	0.2382
/share/data/refseq/bacteria/GCF_000015165.1_ASM1516v1_genomic.fna.gz	0.1758	0.1761	0.3246	0.3235
/share/data/refseq/bacteria/GCF_000015185.1_ASM1518v1_genomic.fna.gz	0.2768	0.2769	0.2228	0.2235
/share/data/refseq/bacteria/GCF_000015245.1_ASM1524v1_genomic.fna.gz	0.2322	0.2319	0.2671	0.2687
/share/data/refseq/bacteria/GCF_000015265.1_ASM1526v1_genomic.fna.gz	0.1424	0.1432	0.3570	0.3574
/share/data/refseq/bacteria/GCF_000015285.1_ASM1528v1_genomic.fna.gz	0.2996	0.2995	0.2001	0.2008
/share/data/refseq/bacteria/GCF_000015305.1_ASM1530v1_genomic.fna.gz	0.1613	0.1608	0.3394	0.3386
/share/data/refseq/bacteria/GCF_000015325.1_ASM1532v1_genomic.fna.gz	0.1572	0.1575	0.3419	0.3434
/share/data/refseq/bacteria/GCF_000015345.1_ASM1534v1_genomic.fna.gz	0.2765	0.2795	0.2248	0.2192
/share/data/refseq/bacteria/GCF_000015365.1_ASM1536v1_genomic.fna.gz	0.2188	0.2119	0.2893	0.2800
/share/data/refseq/bacteria/GCF_000015385.1_ASM1538v1_genomic.fna.gz	0.3154	0.3138	0.1821	0.1887
/share/data/refseq/bacteria/GCF_000015405.1_ASM1540v1_genomic.fna.gz	0.1588	0.1589	0.3412	0.3411
/share/data/refseq/bacteria/GCF_000015445.1_ASM1544v1_genomic.fna.gz	0.3057	0.3119	0.1849	0.1975
/share/data/refseq/bacteria/GCF_000015465.1_ASM1546v1_genomic.fna.gz	0.1578	0.1582	0.3442	0.3399
/share/data/refseq/bacteria/GCF_000015485.1_ASM1548v1_genomic.fna.gz	0.1839	0.1845	0.3162	0.3153
/share/data/refseq/bacteria/GCF_000015505.1_ASM1550v1_genomic.fna.gz	0.1921	0.1911	0.3086	0.3082
/share/data/refseq/bacteria/GCF_000015525.1_ASM1552v1_genomic.fna.gz	0.3507	0.3445	0.1522	0.1526
/share/data/refseq/bacteria/GCF_000015545.1_ASM1554v1_genomic.fna.gz	0.1694	0.1697	0.3300	0.3309
/share/data/refseq/bacteria/GCF_000015565.1_ASM1556v1_genomic.fna.gz	0.1742	0.1734	0.3266	0.3259
