/share/data/refseq/invertebrate/GCF/GCF_000004015.4_AaegL3_genomic.fna.gz	0.3086	0.3087	0.1913	0.1913
/share/data/refseq/invertebrate/GCF/GCF_000004095.1_Hydra_RP_1.0_genomic.fna.gz	0.3621	0.3622	0.1378	0.1378
/share/data/refseq/invertebrate/GCF/GCF_000004555.1_ASM455v1_genomic.fna.gz	0.3131	0.3134	0.1868	0.1867
/share/data/refseq/invertebrate/GCF/GCF_000005115.1_dana_caf1_genomic.fna.gz	0.2908	0.2895	0.2101	0.2096
/share/data/refseq/invertebrate/GCF/GCF_000005135.1_dere_caf1_genomic.fna.gz	0.2888	0.2886	0.2113	0.2114
/share/data/refseq/invertebrate/GCF/GCF_000005155.2_dgri_caf1_genomic.fna.gz	0.3103	0.3100	0.1900	0.1897
/share/data/refseq/invertebrate/GCF/GCF_000005175.2_dmoj_caf1_genomic.fna.gz	0.3032	0.3020	0.1975	0.1973
/share/data/refseq/invertebrate/GCF/GCF_000005195.2_dper_caf1_genomic.fna.gz	0.2754	0.2752	0.2247	0.2247
/share/data/refseq/invertebrate/GCF/GCF_000005215.3_dsec_caf1_genomic.fna.gz	0.2892	0.2899	0.2103	0.2106
/share/data/refseq/invertebrate/GCF/GCF_000005245.1_dvir_caf1_genomic.fna.gz	0.3000	0.3002	0.2001	0.1998
/share/data/refseq/invertebrate/GCF/GCF_000005575.2_AgamP3_genomic.fna.gz	0.2787	0.2786	0.2213	0.2214
/share/data/refseq/invertebrate/GCF/GCF_000005925.1_dwil_caf1_genomic.fna.gz	0.3139	0.3137	0.1863	0.1862
/share/data/refseq/invertebrate/GCF/GCF_000005975.2_dyak_caf1_genomic.fna.gz	0.2883	0.2889	0.2113	0.2115
/share/data/refseq/invertebrate/GCF/GCF_000006295.1_JCVI_LOUSE_1.0_genomic.fna.gz	0.3622	0.3632	0.1371	0.1376
/share/data/refseq/invertebrate/GCF/GCF_000090795.1_v1.0_genomic.fna.gz	0.3209	0.3209	0.1791	0.1792
/share/data/refseq/invertebrate/GCF/GCF_000142985.2_Acyr_2.0_genomic.fna.gz	0.3512	0.3511	0.1488	0.1488
/share/data/refseq/invertebrate/GCF/GCF_000143395.1_Attacep1.0_genomic.fna.gz	0.3369	0.3374	0.1628	0.1629
/share/data/refseq/invertebrate/GCF/GCF_000147175.1_CamFlo_1.0_genomic.fna.gz	0.3286	0.3288	0.1713	0.1713
/share/data/refseq/invertebrate/GCF/GCF_000147195.1_HarSal_1.0_genomic.fna.gz	0.2741	0.2740	0.2258	0.2261
/share/data/refseq/invertebrate/GCF/GCF_000149515.1_ASM14951v1_genomic.fna.gz	0.3102	0.3101	0.1899	0.1898
/share/data/refseq/invertebrate/GCF/GCF_000150275.1_v1.0_genomic.fna.gz	0.3359	0.3366	0.1636	0.1638
/share/data/refseq/invertebrate/GCF/GCF_000151315.1_ASM15131v1_genomic.fna.gz	0.2311	0.2313	0.2688	0.2688
/share/data/refseq/invertebrate/GCF/GCF_000151315.2_C_owczarzaki_V2_genomic.fna.gz	0.2308	0.2310	0.2692	0.2691
/share/data/refseq/invertebrate/GCF/GCF_000151625.1_ASM15162v1_genomic.fna.gz	0.3115	0.3117	0.1885	0.1883
/share/data/refseq/invertebrate/GCF/GCF_000181795.1_Trichinella_spiralis-3.7.1_genomic.fna.gz	0.3309	0.3299	0.1699	0.1692
/share/data/refseq/invertebrate/GCF/GCF_000183805.1_Loa_loa_V1_genomic.fna.gz	0.3464	0.3440	0.1550	0.1546
/share/data/refseq/invertebrate/GCF/GCF_000183805.2_Loa_loa_V3.1_genomic.fna.gz	0.3463	0.3439	0.1551	0.1547
/share/data/refseq/invertebrate/GCF/GCF_000184785.1_Aflo_1.0_genomic.fna.gz	0.3314	0.3310	0.1688	0.1689
/share/data/refseq/invertebrate/GCF/GCF_000184785.2_Aflo_1.0_genomic.fna.gz	0.3314	0.3310	0.1688	0.1689
/share/data/refseq/invertebrate/GCF/GCF_000187915.1_Pbar_UMD_V03_genomic.fna.gz	0.3174	0.3177	0.1825	0.1825
/share/data/refseq/invertebrate/GCF/GCF_000188075.1_Si_gnG_genomic.fna.gz	0.3183	0.3195	0.1811	0.1811
/share/data/refseq/invertebrate/GCF/GCF_000188095.1_BIMP_2.0_genomic.fna.gz	0.3113	0.3112	0.1888	0.1887
/share/data/refseq/invertebrate/GCF/GCF_000188695.1_Proterospongia_sp_ATCC50818_genomic.fna.gz	0.2195	0.2204	0.2801	0.2800
/share/data/refseq/invertebrate/GCF/GCF_000204515.1_Aech_3.9_genomic.fna.gz	0.3317	0.3318	0.1682	0.1683
/share/data/refseq/invertebrate/GCF/GCF_000208615.1_JCVI_ISG_i3_1.0_genomic.fna.gz	0.2740	0.2739	0.2262	0.2259
/share/data/refseq/invertebrate/GCF/GCF_000209185.1_CulPip1.0_genomic.fna.gz	0.3130	0.3128	0.1871	0.1871
/share/data/refseq/invertebrate/GCF/GCF_000209225.1_ASM20922v1_genomic.fna.gz	0.2967	0.2970	0.2032	0.2031
/share/data/refseq/invertebrate/GCF/GCF_000214255.1_Bter_1.0_genomic.fna.gz	0.3125	0.3125	0.1874	0.1876
/share/data/refseq/invertebrate/GCF/GCF_000217595.1_Lhum_UMD_V04_genomic.fna.gz	0.3119	0.3115	0.1884	0.1882
/share/data/refseq/invertebrate/GCF/GCF_000220665.1_Dfic_2.0_genomic.fna.gz	0.2905	0.2903	0.2096	0.2095
/share/data/refseq/invertebrate/GCF/GCF_000220905.1_MROT_1.0_genomic.fna.gz	0.3171	0.3173	0.1829	0.1827
/share/data/refseq/invertebrate/GCF/GCF_000222465.1_Adig_1.1_genomic.fna.gz	0.3048	0.3048	0.1952	0.1952
/share/data/refseq/invertebrate/GCF/GCF_000224145.1_KH_genomic.fna.gz	0.3215	0.3218	0.1783	0.1785
/share/data/refseq/invertebrate/GCF/GCF_000224145.2_KH_genomic.fna.gz	0.3218	0.3214	0.1783	0.1784
/share/data/refseq/invertebrate/GCF/GCF_000224195.1_Dele_2.0_genomic.fna.gz	0.2985	0.2984	0.2015	0.2016
/share/data/refseq/invertebrate/GCF/GCF_000224215.1_Dkik_2.0_genomic.fna.gz	0.2932	0.2932	0.2069	0.2068
/share/data/refseq/invertebrate/GCF/GCF_000224235.1_Dtak_2.0_genomic.fna.gz	0.3000	0.3000	0.1999	0.2000
/share/data/refseq/invertebrate/GCF/GCF_000233415.1_Dbia_2.0_genomic.fna.gz	0.2909	0.2910	0.2092	0.2089
/share/data/refseq/invertebrate/GCF/GCF_000236285.1_Dbip_2.0_genomic.fna.gz	0.2920	0.2919	0.2080	0.2081
/share/data/refseq/invertebrate/GCF/GCF_000236305.1_Drho_2.0_genomic.fna.gz	0.2997	0.2996	0.2004	0.2003
/share/data/refseq/invertebrate/GCF/GCF_000236325.1_Deug_2.0_genomic.fna.gz	0.2956	0.2955	0.2043	0.2046
/share/data/refseq/invertebrate/GCF/GCF_000237925.1_ASM23792v2_genomic.fna.gz	0.3238	0.3241	0.1760	0.1761
/share/data/refseq/invertebrate/GCF/GCF_000239435.1_ASM23943v1_genomic.fna.gz	0.3388	0.3388	0.1614	0.1611
/share/data/refseq/invertebrate/GCF/GCF_000255335.1_Mocc_1.0_genomic.fna.gz	0.2422	0.2420	0.2579	0.2579
/share/data/refseq/invertebrate/GCF/GCF_000259055.1_dsim_caf1_genomic.fna.gz	0.2875	0.2876	0.2125	0.2124
/share/data/refseq/invertebrate/GCF/GCF_000269505.1_DroMir_2.2_genomic.fna.gz	0.2754	0.2756	0.2246	0.2244
/share/data/refseq/invertebrate/GCF/GCF_000297895.1_oyster_v9_genomic.fna.gz	0.3329	0.3329	0.1671	0.1672
/share/data/refseq/invertebrate/GCF/GCF_000326865.1_Helobdella_robusta_v1.0_genomic.fna.gz	0.3361	0.3357	0.1640	0.1642
/share/data/refseq/invertebrate/GCF/GCF_000327385.1_Helro1_genomic.fna.gz	0.3335	0.3337	0.1664	0.1664
/share/data/refseq/invertebrate/GCF/GCF_000330985.1_DBM_FJ_V1.1_genomic.fna.gz	0.3085	0.3083	0.1915	0.1917
/share/data/refseq/invertebrate/GCF/GCF_000341935.1_Ccin1_genomic.fna.gz	0.2988	0.2979	0.2018	0.2015
/share/data/refseq/invertebrate/GCF/GCF_000344095.1_Aros_1.0_genomic.fna.gz	0.2940	0.2940	0.2059	0.2061
/share/data/refseq/invertebrate/GCF/GCF_000347755.1_Ccap_1.0_genomic.fna.gz	0.3232	0.3237	0.1766	0.1765
/share/data/refseq/invertebrate/GCF/GCF_000347755.2_Ccap_1.1_genomic.fna.gz	0.3246	0.3251	0.1751	0.1752
/share/data/refseq/invertebrate/GCF/GCF_000355655.1_DendPond_male_1.0_genomic.fna.gz	0.3204	0.3205	0.1795	0.1796
/share/data/refseq/invertebrate/GCF/GCF_000365465.1_Ptep_1.0_genomic.fna.gz	0.3528	0.3526	0.1474	0.1472
/share/data/refseq/invertebrate/GCF/GCF_000365465.2_Ptep_2.0_genomic.fna.gz	0.3527	0.3527	0.1473	0.1473
/share/data/refseq/invertebrate/GCF/GCF_000371365.1_Musca_domestica-2.0.2_genomic.fna.gz	0.3244	0.3245	0.1756	0.1755
/share/data/refseq/invertebrate/GCF/GCF_000388065.1_Font_alba_ATCC_38817_V2_genomic.fna.gz	0.1598	0.1611	0.3391	0.3401
/share/data/refseq/invertebrate/GCF/GCF_000390285.1_Agla_1.0_genomic.fna.gz	0.3364	0.3362	0.1638	0.1636
/share/data/refseq/invertebrate/GCF/GCF_000457365.1_ASM45736v1_genomic.fna.gz	0.3203	0.3198	0.1796	0.1803
/share/data/refseq/invertebrate/GCF/GCF_000469605.1_Apis_dorsata_1.3_genomic.fna.gz	0.3404	0.3403	0.1595	0.1597
/share/data/refseq/invertebrate/GCF/GCF_000472105.1_Dsuzukii.v01_genomic.fna.gz	0.2967	0.2963	0.2036	0.2034
/share/data/refseq/invertebrate/GCF/GCF_000475195.1_Diaci_psyllid_genome_assembly_version_1.1_genomic.fna.gz	0.3096	0.3098	0.1905	0.1901
/share/data/refseq/invertebrate/GCF/GCF_000485595.1_Priapulus_caudatus-5.0.1_genomic.fna.gz	0.2741	0.2730	0.2258	0.2270
/share/data/refseq/invertebrate/GCF/GCF_000500325.1_Ldec_2.0_genomic.fna.gz	0.3229	0.3224	0.1775	0.1772
/share/data/refseq/invertebrate/GCF/GCF_000503995.1_CerSol_1.0_genomic.fna.gz	0.3484	0.3480	0.1518	0.1518
/share/data/refseq/invertebrate/GCF/GCF_000507365.1_N_americanus_v1_genomic.fna.gz	0.2993	0.2985	0.2012	0.2010
/share/data/refseq/invertebrate/GCF/GCF_000517525.1_Limulus_polyphemus-2.1.2_genomic.fna.gz	0.3308	0.3332	0.1679	0.1681
/share/data/refseq/invertebrate/GCF/GCF_000572035.1_Mdem1_genomic.fna.gz	0.3479	0.3479	0.1521	0.1522
/share/data/refseq/invertebrate/GCF/GCF_000572035.2_Mdem2_genomic.fna.gz	0.3477	0.3478	0.1523	0.1522
/share/data/refseq/invertebrate/GCF/GCF_000599845.1_Tpre_1.0_genomic.fna.gz	0.3005	0.3003	0.1996	0.1996
/share/data/refseq/invertebrate/GCF/GCF_000611835.1_CerBir1.0_genomic.fna.gz	0.2915	0.2917	0.2085	0.2083
/share/data/refseq/invertebrate/GCF/GCF_000612105.1_Oabi_1.0_genomic.fna.gz	0.2750	0.2747	0.2252	0.2250
/share/data/refseq/invertebrate/GCF/GCF_000648655.1_Cflo_1.0_genomic.fna.gz	0.3188	0.3187	0.1812	0.1813
/share/data/refseq/invertebrate/GCF/GCF_000648675.1_Clec_1.0_genomic.fna.gz	0.3260	0.3258	0.1740	0.1742
/share/data/refseq/invertebrate/GCF/GCF_000648695.1_Otau_2.0_genomic.fna.gz	0.3349	0.3343	0.1654	0.1654
/share/data/refseq/invertebrate/GCF/GCF_000696155.1_ZooNev1.0_genomic.fna.gz	0.3090	0.3092	0.1908	0.1910
/share/data/refseq/invertebrate/GCF/GCF_000696795.1_Hhal_1.0_genomic.fna.gz	0.3458	0.3454	0.1544	0.1543
/share/data/refseq/invertebrate/GCF/GCF_000699045.1_Apla_1.0_genomic.fna.gz	0.3271	0.3265	0.1732	0.1732
/share/data/refseq/invertebrate/GCF/GCF_000699445.1_SchHae_1.0_genomic.fna.gz	0.3290	0.3288	0.1712	0.1711
/share/data/refseq/invertebrate/GCF/GCF_000715545.1_OpiViv1.0_genomic.fna.gz	0.2810	0.2812	0.2189	0.2189
/share/data/refseq/invertebrate/GCF/GCF_000754195.1_ASM75419v2_genomic.fna.gz	0.2852	0.2852	0.2147	0.2149
/share/data/refseq/invertebrate/GCF/GCF_000754195.2_ASM75419v2_genomic.fna.gz	0.2852	0.2853	0.2147	0.2148
/share/data/refseq/invertebrate/GCF/GCF_000757685.1_NilLug1.0_genomic.fna.gz	0.3271	0.3271	0.1728	0.1729
/share/data/refseq/invertebrate/GCF/GCF_000764305.1_Hazt_2.0_genomic.fna.gz	0.3076	0.3077	0.1924	0.1923
/share/data/refseq/invertebrate/GCF/GCF_000789215.1_ASM78921v2_genomic.fna.gz	0.3197	0.3199	0.1803	0.1802
/share/data/refseq/invertebrate/GCF/GCF_000806345.1_ASM80634v1_genomic.fna.gz	0.3243	0.3242	0.1758	0.1758
/share/data/refseq/invertebrate/GCF/GCF_000806365.1_ASM80636v1_genomic.fna.gz	0.3069	0.3071	0.1930	0.1930
/share/data/refseq/invertebrate/GCF/GCF_000836215.1_Ppol_1.0_genomic.fna.gz	0.3302	0.3302	0.1698	0.1698
/share/data/refseq/invertebrate/GCF/GCF_000836235.1_Pxut_1.0_genomic.fna.gz	0.3309	0.3310	0.1690	0.1691
/share/data/refseq/invertebrate/GCF/GCF_000949405.1_V.emery_V1.0_genomic.fna.gz	0.2888	0.2894	0.2108	0.2109
/share/data/refseq/invertebrate/GCF/GCF_000956235.1_wasmannia.A_1.0_genomic.fna.gz	0.3071	0.3063	0.1932	0.1935
/share/data/refseq/invertebrate/GCF/GCF_000980195.1_M.pharaonis_V2.0_genomic.fna.gz	0.3172	0.3173	0.1829	0.1827
/share/data/refseq/invertebrate/GCF/GCF_001015335.1_Stomoxys_calcitrans-1.0.1_genomic.fna.gz	0.3058	0.3057	0.1942	0.1943
/share/data/refseq/invertebrate/GCF/GCF_001039355.1_LinAna1.0_genomic.fna.gz	0.3179	0.3180	0.1820	0.1821
/share/data/refseq/invertebrate/GCF/GCF_001186105.1_ASM118610v1_genomic.fna.gz	0.3215	0.3213	0.1786	0.1786
/share/data/refseq/invertebrate/GCF/GCF_001186125.1_Spha_arctica_JP610_V1_genomic.fna.gz	0.2900	0.2921	0.2084	0.2095
/share/data/refseq/invertebrate/GCF/GCF_001186385.1_Dnoxia_1.0_genomic.fna.gz	0.3546	0.3547	0.1453	0.1454
/share/data/refseq/invertebrate/GCF/GCF_001188975.1_gapfilled_joined_lt9474.gt500.covgt10_genomic.fna.gz	0.3278	0.3273	0.1724	0.1725
/share/data/refseq/invertebrate/GCF/GCF_001194135.1_Octopus_bimaculoides_v2_0_genomic.fna.gz	0.3207	0.3189	0.1802	0.1802
/share/data/refseq/invertebrate/GCF/GCF_001263275.1_ASM126327v1_genomic.fna.gz	0.3038	0.3034	0.1964	0.1963
/share/data/refseq/invertebrate/GCF/GCF_001263575.1_Nlec1.0_genomic.fna.gz	0.3022	0.3019	0.1980	0.1979
/share/data/refseq/invertebrate/GCF/GCF_001272555.1_ASM127255v1_genomic.fna.gz	0.3028	0.3023	0.1975	0.1973
/share/data/refseq/invertebrate/GCF/GCF_001277935.1_ASM127793v1_genomic.fna.gz	0.3052	0.3053	0.1948	0.1948
/share/data/refseq/invertebrate/GCF/GCF_001298355.1_Pap_ma_1.0_genomic.fna.gz	0.3310	0.3315	0.1688	0.1687
/share/data/refseq/invertebrate/GCF/GCF_001313825.1_ASM131382v1_genomic.fna.gz	0.2821	0.2822	0.2179	0.2178
/share/data/refseq/invertebrate/GCF/GCF_001313835.1_ASM131383v1_genomic.fna.gz	0.3391	0.3394	0.1605	0.1610
/share/data/refseq/invertebrate/GCF/GCF_001412225.1_Nicve_v1.0_genomic.fna.gz	0.3410	0.3404	0.1592	0.1593
/share/data/refseq/invertebrate/GCF/GCF_001412515.1_Dall1.0_genomic.fna.gz	0.3077	0.3078	0.1922	0.1923
/share/data/refseq/invertebrate/GCF/GCF_001417965.1_Aiptasia_genome_1.1_genomic.fna.gz	0.3184	0.3183	0.1817	0.1817
/share/data/refseq/invertebrate/GCF/GCF_001442555.1_ACSNU-2.0_genomic.fna.gz	0.3335	0.3337	0.1663	0.1665
/share/data/refseq/invertebrate/GCF/GCF_001465965.1_Pdom_r1.2_genomic.fna.gz	0.3462	0.3462	0.1539	0.1538
/share/data/refseq/invertebrate/GCF/GCF_001483705.1_ASM148370v1_genomic.fna.gz	0.2961	0.2948	0.2049	0.2043
/share/data/refseq/invertebrate/GCF/GCF_001594045.1_Acol1.0_genomic.fna.gz	0.3363	0.3363	0.1636	0.1638
/share/data/refseq/invertebrate/GCF/GCF_001594055.1_Tzet1.0_genomic.fna.gz	0.3266	0.3267	0.1734	0.1733
/share/data/refseq/invertebrate/GCF/GCF_001594065.1_Ccosl1.0_genomic.fna.gz	0.3262	0.3265	0.1736	0.1737
/share/data/refseq/invertebrate/GCF/GCF_001594075.1_Tcor1.0_genomic.fna.gz	0.3250	0.3250	0.1750	0.1750
/share/data/refseq/invertebrate/GCF/GCF_001594115.1_Tsep1.0_genomic.fna.gz	0.3277	0.3278	0.1723	0.1722
/share/data/refseq/invertebrate/GCF/GCF_001625305.1_Haploidv18h27_genomic.fna.gz	0.2933	0.2934	0.2066	0.2067
/share/data/refseq/invertebrate/GCF/GCF_001652005.1_ASM165200v1_genomic.fna.gz	0.2951	0.2940	0.2058	0.2051
/share/data/refseq/invertebrate/GCF/GCF_001654015.1_ASM165401v1_genomic.fna.gz	0.2992	0.2989	0.2010	0.2009
/share/data/refseq/invertebrate/GCF/GCF_001654025.1_ASM165402v1_genomic.fna.gz	0.2985	0.2981	0.2018	0.2016
/share/data/refseq/invertebrate/GCF/GCF_001687245.1_Rhagoletis_zephyria_1.0_genomic.fna.gz	0.3174	0.3173	0.1827	0.1826
/share/data/refseq/invertebrate/GCF/GCF_001853355.1_ASM185335v1_genomic.fna.gz	0.3193	0.3190	0.1808	0.1809
/share/data/refseq/invertebrate/GCF/GCF_001854935.1_ASM185493v1_genomic.fna.gz	0.3017	0.3018	0.1982	0.1982
/share/data/refseq/invertebrate/GCF/GCF_001856785.1_MPER_G0061.0_genomic.fna.gz	0.3501	0.3496	0.1502	0.1501
/share/data/refseq/invertebrate/GCF/GCF_001856805.1_P_rapae_3842_assembly_v2_genomic.fna.gz	0.3364	0.3362	0.1637	0.1636
/share/data/refseq/invertebrate/GCF/GCF_001876365.1_canu_80X_arrow2_genomic.fna.gz	0.2979	0.2979	0.2021	0.2021
/share/data/refseq/invertebrate/GCF/GCF_001876365.2_canu_80X_arrow2.2_genomic.fna.gz	0.2979	0.2979	0.2021	0.2021
/share/data/refseq/invertebrate/GCF/GCF_001937115.1_Atum_1.0_genomic.fna.gz	0.3500	0.3499	0.1500	0.1501
/share/data/refseq/invertebrate/GCF/GCF_001949145.1_OKI-Apl_1.0_genomic.fna.gz	0.2935	0.2934	0.2066	0.2065
/share/data/refseq/invertebrate/GCF/GCF_002006095.1_ASM200609v1_genomic.fna.gz	0.3042	0.3048	0.1955	0.1955
/share/data/refseq/invertebrate/GCF/GCF_002022765.2_C_virginica-3.0_genomic.fna.gz	0.3259	0.3258	0.1741	0.1742
/share/data/refseq/invertebrate/GCF/GCF_002042975.1_ofav_dov_v1_genomic.fna.gz	0.3051	0.3051	0.1950	0.1949
/share/data/refseq/invertebrate/GCF/GCF_002093755.1_Dser1.0_genomic.fna.gz	0.3045	0.3044	0.1956	0.1955
/share/data/refseq/invertebrate/GCF/GCF_002113885.1_ASM211388v2_genomic.fna.gz	0.3174	0.3174	0.1825	0.1826
/share/data/refseq/invertebrate/GCF/GCF_002156985.1_Harm_1.0_genomic.fna.gz	0.3191	0.3196	0.1805	0.1808
/share/data/refseq/invertebrate/GCF/GCF_002204515.2_AaegL5.0_genomic.fna.gz	0.3091	0.3091	0.1909	0.1909
/share/data/refseq/invertebrate/GCF/GCF_002217175.1_ASM221717v1_genomic.fna.gz	0.3124	0.3124	0.1874	0.1878
/share/data/refseq/invertebrate/GCF/GCF_002217835.1_Dobs_1.0_genomic.fna.gz	0.2788	0.2772	0.2219	0.2220
/share/data/refseq/invertebrate/GCF/GCF_002443255.1_Vdes_3.0_genomic.fna.gz	0.2955	0.2954	0.2046	0.2046
/share/data/refseq/invertebrate/GCF/GCF_002532875.1_vjacob_1.0_genomic.fna.gz	0.2954	0.2953	0.2047	0.2047
/share/data/refseq/invertebrate/GCF/GCF_002571385.1_Stylophora_pistillata_v1_genomic.fna.gz	0.3073	0.3073	0.1927	0.1927
