/share/data/refseq/plant/GCF/GCF_000001735.3_TAIR10_genomic.fna.gz	0.3199	0.3195	0.1804	0.1802
/share/data/refseq/plant/GCF/GCF_000002425.3_V1.1_genomic.fna.gz	0.3322	0.3320	0.1679	0.1679
/share/data/refseq/plant/GCF/GCF_000002595.1_v3.0_genomic.fna.gz	0.1806	0.1807	0.3194	0.3193
/share/data/refseq/plant/GCF/GCF_000002775.3_Poptr2_0_genomic.fna.gz	0.3318	0.3317	0.1683	0.1682
/share/data/refseq/plant/GCF/GCF_000003195.2_Sorbi1_genomic.fna.gz	0.2804	0.2803	0.2196	0.2197
/share/data/refseq/plant/GCF/GCF_000003195.3_Sorghum_bicolor_NCBIv3_genomic.fna.gz	0.2806	0.2806	0.2194	0.2194
/share/data/refseq/plant/GCF/GCF_000003745.2_12X_genomic.fna.gz	0.3272	0.3272	0.1729	0.1728
/share/data/refseq/plant/GCF/GCF_000003745.3_12X_genomic.fna.gz	0.3272	0.3272	0.1728	0.1728
/share/data/refseq/plant/GCF/GCF_000004075.1_CucSat_1.0_genomic.fna.gz	0.3305	0.3302	0.1698	0.1695
/share/data/refseq/plant/GCF/GCF_000004075.2_ASM407v2_genomic.fna.gz	0.3377	0.3375	0.1624	0.1624
/share/data/refseq/plant/GCF/GCF_000004255.1_v.1.0_genomic.fna.gz	0.3195	0.3197	0.1804	0.1804
/share/data/refseq/plant/GCF/GCF_000004255.2_v.1.0_genomic.fna.gz	0.3195	0.3197	0.1804	0.1804
/share/data/refseq/plant/GCF/GCF_000004515.3_V1.1_genomic.fna.gz	0.3262	0.3262	0.1738	0.1738
/share/data/refseq/plant/GCF/GCF_000004515.4_Glycine_max_v2.0_genomic.fna.gz	0.3261	0.3262	0.1738	0.1738
/share/data/refseq/plant/GCF/GCF_000005005.1_B73_RefGen_v3_genomic.fna.gz	0.2655	0.2656	0.2346	0.2344
/share/data/refseq/plant/GCF/GCF_000005005.2_B73_RefGen_v4_genomic.fna.gz	0.2656	0.2658	0.2342	0.2344
/share/data/refseq/plant/GCF/GCF_000005425.2_Build_4.0_genomic.fna.gz	0.2822	0.2822	0.2178	0.2178
/share/data/refseq/plant/GCF/GCF_000005505.1_v1.0_genomic.fna.gz	0.2680	0.2681	0.2321	0.2319
/share/data/refseq/plant/GCF/GCF_000005505.2_Brachypodium_distachyon_v2.0_genomic.fna.gz	0.2680	0.2680	0.2321	0.2319
/share/data/refseq/plant/GCF/GCF_000090985.2_ASM9098v2_genomic.fna.gz	0.1807	0.1811	0.3188	0.3194
/share/data/refseq/plant/GCF/GCF_000091205.1_ASM9120v1_genomic.fna.gz	0.2252	0.2247	0.2751	0.2751
/share/data/refseq/plant/GCF/GCF_000092065.1_ASM9206v1_genomic.fna.gz	0.1981	0.1975	0.3020	0.3024
/share/data/refseq/plant/GCF/GCF_000143415.3_v1.0_genomic.fna.gz	0.2737	0.2741	0.2261	0.2261
/share/data/refseq/plant/GCF/GCF_000143455.1_v1.0_genomic.fna.gz	0.2201	0.2202	0.2799	0.2799
/share/data/refseq/plant/GCF/GCF_000147415.1_v_1.0_genomic.fna.gz	0.1645	0.1641	0.3359	0.3355
/share/data/refseq/plant/GCF/GCF_000148765.1_MalDomGD1.0_genomic.fna.gz	0.3108	0.3106	0.1893	0.1893
/share/data/refseq/plant/GCF/GCF_000150535.2_Papaya1.0_genomic.fna.gz	0.3236	0.3233	0.1762	0.1769
/share/data/refseq/plant/GCF/GCF_000151265.1_Micromonas_pusilla_CCMP1545_v2.0_genomic.fna.gz	0.1707	0.1702	0.3296	0.3294
/share/data/refseq/plant/GCF/GCF_000151265.2_Micromonas_pusilla_CCMP1545_v2.0_genomic.fna.gz	0.1705	0.1700	0.3298	0.3297
/share/data/refseq/plant/GCF/GCF_000151685.1_JCVI_RCG_1.1_genomic.fna.gz	0.3305	0.3311	0.1694	0.1690
/share/data/refseq/plant/GCF/GCF_000184155.1_FraVesHawaii_1.0_genomic.fna.gz	0.3082	0.3079	0.1922	0.1918
/share/data/refseq/plant/GCF/GCF_000188115.2_SL2.40_genomic.fna.gz	0.3298	0.3297	0.1702	0.1703
/share/data/refseq/plant/GCF/GCF_000188115.3_SL2.50_genomic.fna.gz	0.3298	0.3297	0.1702	0.1703
/share/data/refseq/plant/GCF/GCF_000208745.1_Criollo_cocoa_genome_V2_genomic.fna.gz	0.3295	0.3296	0.1705	0.1704
/share/data/refseq/plant/GCF/GCF_000214015.2_version_050606_genomic.fna.gz	0.2048	0.2050	0.2950	0.2952
/share/data/refseq/plant/GCF/GCF_000214015.3_version_140606_genomic.fna.gz	0.2039	0.2040	0.2960	0.2960
/share/data/refseq/plant/GCF/GCF_000219495.1_MedtrA17_3.5_genomic.fna.gz	0.3342	0.3338	0.1662	0.1658
/share/data/refseq/plant/GCF/GCF_000219495.2_MedtrA17_4.0_genomic.fna.gz	0.3345	0.3341	0.1658	0.1656
/share/data/refseq/plant/GCF/GCF_000219495.3_MedtrA17_4.0_genomic.fna.gz	0.3345	0.3341	0.1658	0.1656
/share/data/refseq/plant/GCF/GCF_000224045.1_CSB10A_v1_genomic.fna.gz	0.3377	0.3374	0.1624	0.1625
/share/data/refseq/plant/GCF/GCF_000226075.1_SolTub_3.0_genomic.fna.gz	0.3259	0.3259	0.1742	0.1740
/share/data/refseq/plant/GCF/GCF_000231095.1_Oryza_brachyantha.v1.4b_genomic.fna.gz	0.2977	0.2976	0.2023	0.2024
/share/data/refseq/plant/GCF/GCF_000258705.1_Coccomyxa_subellipsoidae_v2.0_genomic.fna.gz	0.2354	0.2352	0.2646	0.2647
/share/data/refseq/plant/GCF/GCF_000263155.1_Setaria_V1_genomic.fna.gz	0.2694	0.2692	0.2306	0.2308
/share/data/refseq/plant/GCF/GCF_000263155.2_Setaria_italica_v2.0_genomic.fna.gz	0.2694	0.2692	0.2306	0.2308
/share/data/refseq/plant/GCF/GCF_000309985.1_Brapa_1.0_genomic.fna.gz	0.3237	0.3237	0.1763	0.1763
/share/data/refseq/plant/GCF/GCF_000313045.1_ASM31304v1_genomic.fna.gz	0.3335	0.3342	0.1662	0.1661
/share/data/refseq/plant/GCF/GCF_000313855.1_ASM31385v1_genomic.fna.gz	0.3059	0.3055	0.1945	0.1942
/share/data/refseq/plant/GCF/GCF_000313855.2_ASM31385v2_genomic.fna.gz	0.3059	0.3055	0.1945	0.1942
/share/data/refseq/plant/GCF/GCF_000315295.1_Pbr_v1.0_genomic.fna.gz	0.3137	0.3134	0.1865	0.1864
/share/data/refseq/plant/GCF/GCF_000317415.1_Csi_valencia_1.0_genomic.fna.gz	0.3297	0.3297	0.1702	0.1705
/share/data/refseq/plant/GCF/GCF_000327365.1_Graimondii2_0_genomic.fna.gz	0.3339	0.3339	0.1661	0.1661
/share/data/refseq/plant/GCF/GCF_000331145.1_ASM33114v1_genomic.fna.gz	0.3449	0.3448	0.1552	0.1551
/share/data/refseq/plant/GCF/GCF_000340665.1_C.cajan_V1.0_genomic.fna.gz	0.3360	0.3360	0.1639	0.1640
/share/data/refseq/plant/GCF/GCF_000341285.1_ASM34128v1_genomic.fna.gz	0.3122	0.3108	0.1897	0.1873
/share/data/refseq/plant/GCF/GCF_000346465.1_Prupe1_0_genomic.fna.gz	0.3122	0.3127	0.1877	0.1874
/share/data/refseq/plant/GCF/GCF_000346465.2_Prunus_persica_NCBIv2_genomic.fna.gz	0.3123	0.3126	0.1877	0.1874
/share/data/refseq/plant/GCF/GCF_000346735.1_P.mume_V1.0_genomic.fna.gz	0.3127	0.3128	0.1872	0.1873
/share/data/refseq/plant/GCF/GCF_000350225.1_ASM35022v2_genomic.fna.gz	0.2354	0.2358	0.2640	0.2648
/share/data/refseq/plant/GCF/GCF_000365185.1_Chinese_Lotus_1.1_genomic.fna.gz	0.3085	0.3086	0.1915	0.1914
/share/data/refseq/plant/GCF/GCF_000375325.1_Caprub1_0_genomic.fna.gz	0.3218	0.3219	0.1782	0.1782
/share/data/refseq/plant/GCF/GCF_000390325.1_Ntom_v01_genomic.fna.gz	0.3056	0.3055	0.1946	0.1943
/share/data/refseq/plant/GCF/GCF_000390325.2_Ntom_v01_genomic.fna.gz	0.3056	0.3055	0.1946	0.1943
/share/data/refseq/plant/GCF/GCF_000393655.1_Nsyl_genomic.fna.gz	0.3047	0.3044	0.1955	0.1953
/share/data/refseq/plant/GCF/GCF_000403535.1_Theobroma_cacao_20110822_genomic.fna.gz	0.3300	0.3300	0.1700	0.1701
/share/data/refseq/plant/GCF/GCF_000413155.1_DPV01_genomic.fna.gz	0.3033	0.3033	0.1970	0.1964
/share/data/refseq/plant/GCF/GCF_000414095.1_ASM41409v2_genomic.fna.gz	0.3258	0.3256	0.1745	0.1741
/share/data/refseq/plant/GCF/GCF_000442705.1_EG5_genomic.fna.gz	0.3140	0.3139	0.1860	0.1861
/share/data/refseq/plant/GCF/GCF_000463585.1_ASM46358v1_genomic.fna.gz	0.3031	0.3030	0.1970	0.1970
/share/data/refseq/plant/GCF/GCF_000471905.1_AMTR1.0_genomic.fna.gz	0.3121	0.3131	0.1873	0.1874
/share/data/refseq/plant/GCF/GCF_000471905.2_AMTR1.0_genomic.fna.gz	0.3121	0.3131	0.1873	0.1874
/share/data/refseq/plant/GCF/GCF_000478725.1_Eutsalg1_0_genomic.fna.gz	0.3113	0.3116	0.1887	0.1884
/share/data/refseq/plant/GCF/GCF_000493195.1_Citrus_clementina_v1.0_genomic.fna.gz	0.3254	0.3251	0.1746	0.1749
/share/data/refseq/plant/GCF/GCF_000495115.1_PopEup_1.0_genomic.fna.gz	0.3398	0.3394	0.1605	0.1604
/share/data/refseq/plant/GCF/GCF_000499845.1_PhaVulg1_0_genomic.fna.gz	0.3252	0.3252	0.1746	0.1750
/share/data/refseq/plant/GCF/GCF_000504015.1_Mimgu1_0_genomic.fna.gz	0.3231	0.3219	0.1776	0.1775
/share/data/refseq/plant/GCF/GCF_000511025.1_RefBeet-1.2.1_genomic.fna.gz	0.3191	0.3195	0.1806	0.1808
/share/data/refseq/plant/GCF/GCF_000511025.2_RefBeet-1.2.2_genomic.fna.gz	0.3191	0.3195	0.1806	0.1808
/share/data/refseq/plant/GCF/GCF_000512975.1_S_indicum_v1.0_genomic.fna.gz	0.3251	0.3250	0.1750	0.1750
/share/data/refseq/plant/GCF/GCF_000611645.1_mono_v1_genomic.fna.gz	0.1760	0.1765	0.3249	0.3226
/share/data/refseq/plant/GCF/GCF_000612285.1_Gossypium_arboreum_v1.0_genomic.fna.gz	0.3249	0.3248	0.1752	0.1751
/share/data/refseq/plant/GCF/GCF_000612305.1_Egrandis1_0_genomic.fna.gz	0.3036	0.3036	0.1964	0.1964
/share/data/refseq/plant/GCF/GCF_000633955.1_Cs_genomic.fna.gz	0.3174	0.3171	0.1829	0.1827
/share/data/refseq/plant/GCF/GCF_000686985.1_Brassica_napus_assembly_v1.0_genomic.fna.gz	0.3178	0.3178	0.1822	0.1822
/share/data/refseq/plant/GCF/GCF_000686985.2_Bra_napus_v2.0_genomic.fna.gz	0.3175	0.3178	0.1823	0.1823
/share/data/refseq/plant/GCF/GCF_000695525.1_BOL_genomic.fna.gz	0.3195	0.3195	0.1805	0.1805
/share/data/refseq/plant/GCF/GCF_000696525.1_JatCur_1.0_genomic.fna.gz	0.3335	0.3334	0.1666	0.1664
/share/data/refseq/plant/GCF/GCF_000710875.1_Pepper_Zunla_1_Ref_v1.0_genomic.fna.gz	0.3254	0.3253	0.1747	0.1747
/share/data/refseq/plant/GCF/GCF_000715135.1_Ntab-TN90_genomic.fna.gz	0.3054	0.3051	0.1949	0.1946
/share/data/refseq/plant/GCF/GCF_000733215.1_ASM73321v1_genomic.fna.gz	0.1823	0.1823	0.3177	0.3177
/share/data/refseq/plant/GCF/GCF_000741045.1_Vradiata_ver6_genomic.fna.gz	0.3342	0.3341	0.1659	0.1658
/share/data/refseq/plant/GCF/GCF_000801105.1_Rs1.0_genomic.fna.gz	0.3235	0.3236	0.1765	0.1765
/share/data/refseq/plant/GCF/GCF_000816755.1_Araip1.0_genomic.fna.gz	0.3158	0.3157	0.1843	0.1841
/share/data/refseq/plant/GCF/GCF_000816755.2_Araip1.1_genomic.fna.gz	0.3157	0.3159	0.1842	0.1843
/share/data/refseq/plant/GCF/GCF_000817695.1_Aradu1.0_genomic.fna.gz	0.3208	0.3211	0.1790	0.1791
/share/data/refseq/plant/GCF/GCF_000817695.2_Aradu1.1_genomic.fna.gz	0.3211	0.3208	0.1791	0.1790
/share/data/refseq/plant/GCF/GCF_000826755.1_ZizJuj_1.1_genomic.fna.gz	0.3329	0.3331	0.1668	0.1672
/share/data/refseq/plant/GCF/GCF_000987745.1_ASM98774v1_genomic.fna.gz	0.3278	0.3277	0.1723	0.1722
/share/data/refseq/plant/GCF/GCF_001190045.1_Vigan1.1_genomic.fna.gz	0.3299	0.3294	0.1706	0.1701
/share/data/refseq/plant/GCF/GCF_001263595.1_ASM126359v1_genomic.fna.gz	0.3277	0.3277	0.1723	0.1723
/share/data/refseq/plant/GCF/GCF_001406875.1_SPENNV200_genomic.fna.gz	0.3275	0.3275	0.1724	0.1726
/share/data/refseq/plant/GCF/GCF_001411555.1_wgs.5d_genomic.fna.gz	0.3196	0.3194	0.1805	0.1805
/share/data/refseq/plant/GCF/GCF_001433935.1_IRGSP-1.0_genomic.fna.gz	0.2822	0.2822	0.2178	0.2179
/share/data/refseq/plant/GCF/GCF_001540865.1_ASM154086v1_genomic.fna.gz	0.3082	0.3085	0.1915	0.1918
/share/data/refseq/plant/GCF/GCF_001605985.1_ASM160598v1_genomic.fna.gz	0.3275	0.3269	0.1728	0.1728
/share/data/refseq/plant/GCF/GCF_001625215.1_ASM162521v1_genomic.fna.gz	0.3260	0.3261	0.1741	0.1738
/share/data/refseq/plant/GCF/GCF_001654055.1_ASM165405v1_genomic.fna.gz	0.3257	0.3259	0.1743	0.1741
/share/data/refseq/plant/GCF/GCF_001659605.1_Manihot_esculenta_v6_genomic.fna.gz	0.3202	0.3204	0.1795	0.1799
/share/data/refseq/plant/GCF/GCF_001683475.1_ASM168347v1_genomic.fna.gz	0.3158	0.3154	0.1844	0.1844
/share/data/refseq/plant/GCF/GCF_001865875.1_LupAngTanjil_v1.0_genomic.fna.gz	0.3326	0.3328	0.1676	0.1670
/share/data/refseq/plant/GCF/GCF_001876935.1_Aspof.V1_genomic.fna.gz	0.3048	0.3050	0.1950	0.1952
/share/data/refseq/plant/GCF/GCF_001879085.1_NIATTr2_genomic.fna.gz	0.2989	0.2988	0.2012	0.2012
/share/data/refseq/plant/GCF/GCF_001879475.1_Asagao_1.1_genomic.fna.gz	0.3119	0.3120	0.1881	0.1881
/share/data/refseq/plant/GCF/GCF_001957025.1_Aet_MR_1.0_genomic.fna.gz	0.2681	0.2681	0.2318	0.2320
/share/data/refseq/plant/GCF/GCF_001995035.1_ASM199503v1_genomic.fna.gz	0.3271	0.3272	0.1730	0.1728
/share/data/refseq/plant/GCF/GCF_002007265.1_ASM200726v1_genomic.fna.gz	0.3109	0.3109	0.1892	0.1890
/share/data/refseq/plant/GCF/GCF_002127325.1_HanXRQr1.0_genomic.fna.gz	0.3074	0.3074	0.1927	0.1926
/share/data/refseq/plant/GCF/GCF_002168275.1_ASM216827v2_genomic.fna.gz	0.3354	0.3350	0.1647	0.1648
/share/data/refseq/plant/GCF/GCF_002207925.1_PAV_r1.0_genomic.fna.gz	0.3116	0.3113	0.1889	0.1882
/share/data/refseq/plant/GCF/GCF_002220235.1_ASM222023v1_genomic.fna.gz	0.2598	0.2600	0.2404	0.2399
/share/data/refseq/plant/GCF/GCF_002303985.1_Duzib1.0_genomic.fna.gz	0.3369	0.3368	0.1632	0.1632
/share/data/refseq/plant/GCF/GCF_002738345.1_Cmax_1.0_genomic.fna.gz	0.3183	0.3183	0.1817	0.1816
/share/data/refseq/plant/GCF/GCF_002738365.1_Cmos_1.0_genomic.fna.gz	0.3179	0.3179	0.1822	0.1820
/share/data/refseq/plant/GCF/GCF_002742605.1_O_europaea_v1_genomic.fna.gz	0.3237	0.3223	0.1778	0.1762
