/share/data/refseq/protozoa/GCF/GCF_000002415.2_ASM241v2_genomic.fna.gz	0.2881	0.2891	0.2117	0.2111
/share/data/refseq/protozoa/GCF/GCF_000002435.1_GL2_genomic.fna.gz	0.2542	0.2533	0.2463	0.2462
/share/data/refseq/protozoa/GCF/GCF_000002445.1_ASM244v1_genomic.fna.gz	0.2665	0.2692	0.2327	0.2317
/share/data/refseq/protozoa/GCF/GCF_000002455.1_ASM245v1_genomic.fna.gz	0.3572	0.3562	0.1426	0.1440
/share/data/refseq/protozoa/GCF/GCF_000002725.2_ASM272v2_genomic.fna.gz	0.1997	0.2031	0.2999	0.2973
/share/data/refseq/protozoa/GCF/GCF_000002765.3_ASM276v1_genomic.fna.gz	0.4031	0.4032	0.0967	0.0970
/share/data/refseq/protozoa/GCF/GCF_000002825.2_ASM282v1_genomic.fna.gz	0.3357	0.3360	0.1642	0.1641
/share/data/refseq/protozoa/GCF/GCF_000002835.1_ASM283v1_genomic.fna.gz	0.2637	0.2542	0.2426	0.2396
/share/data/refseq/protozoa/GCF/GCF_000002845.2_ASM284v2_genomic.fna.gz	0.2099	0.2125	0.2905	0.2872
/share/data/refseq/protozoa/GCF/GCF_000002875.2_ASM287v2_genomic.fna.gz	0.2004	0.2038	0.2993	0.2965
/share/data/refseq/protozoa/GCF/GCF_000002975.1_ASM297v1_genomic.fna.gz	0.3617	0.3620	0.1382	0.1380
/share/data/refseq/protozoa/GCF/GCF_000003075.1_ASM307v1_genomic.fna.gz	0.3786	0.3781	0.1221	0.1213
/share/data/refseq/protozoa/GCF/GCF_000003085.2_ASM308v2_genomic.fna.gz	0.3791	0.3740	0.1216	0.1254
/share/data/refseq/protozoa/GCF/GCF_000003225.2_ASM322v1_genomic.fna.gz	0.3371	0.3374	0.1627	0.1628
/share/data/refseq/protozoa/GCF/GCF_000003225.3_ASM322v1_genomic.fna.gz	0.3371	0.3375	0.1627	0.1627
/share/data/refseq/protozoa/GCF/GCF_000004695.1_dicty_2.7_genomic.fna.gz	0.3880	0.3875	0.1124	0.1120
/share/data/refseq/protozoa/GCF/GCF_000004825.1_PolPal_Dec2009_genomic.fna.gz	0.3395	0.3397	0.1606	0.1602
/share/data/refseq/protozoa/GCF/GCF_000004985.1_V1.0_genomic.fna.gz	0.3347	0.3338	0.1657	0.1658
/share/data/refseq/protozoa/GCF/GCF_000005395.1_ASM539v1_genomic.fna.gz	0.3815	0.3813	0.1183	0.1188
/share/data/refseq/protozoa/GCF/GCF_000006355.1_ASM635v1_genomic.fna.gz	0.3050	0.3066	0.1952	0.1931
/share/data/refseq/protozoa/GCF/GCF_000006405.1_JCVI_PMG_1.0_genomic.fna.gz	0.2629	0.2630	0.2373	0.2368
/share/data/refseq/protozoa/GCF/GCF_000006425.1_ASM642v1_genomic.fna.gz	0.3455	0.3453	0.1571	0.1521
/share/data/refseq/protozoa/GCF/GCF_000006515.1_JCVI_cmg_v1.0_genomic.fna.gz	0.3581	0.3571	0.1423	0.1425
/share/data/refseq/protozoa/GCF/GCF_000006565.1_JCVI_tgg_v1.0_genomic.fna.gz	0.2385	0.2387	0.2614	0.2614
/share/data/refseq/protozoa/GCF/GCF_000006565.2_TGA4_genomic.fna.gz	0.2386	0.2386	0.2615	0.2613
/share/data/refseq/protozoa/GCF/GCF_000018645.1_ASM1864v1_genomic.fna.gz	0.3702	0.3742	0.1267	0.1289
/share/data/refseq/protozoa/GCF/GCF_000141845.1_ASM14184v1_genomic.fna.gz	0.3623	0.3630	0.1377	0.1371
/share/data/refseq/protozoa/GCF/GCF_000142905.1_TheTra_May2010_genomic.fna.gz	0.1791	0.1796	0.3211	0.3201
/share/data/refseq/protozoa/GCF/GCF_000142945.1_ASM14294v1_genomic.fna.gz	0.2453	0.2451	0.2546	0.2551
/share/data/refseq/protozoa/GCF/GCF_000149405.2_ASM14940v2_genomic.fna.gz	0.2657	0.2653	0.2345	0.2345
/share/data/refseq/protozoa/GCF/GCF_000149755.1_P.sojae_V3.0_genomic.fna.gz	0.2269	0.2271	0.2730	0.2731
/share/data/refseq/protozoa/GCF/GCF_000150955.2_ASM15095v2_genomic.fna.gz	0.2560	0.2556	0.2442	0.2441
/share/data/refseq/protozoa/GCF/GCF_000151545.1_ASM15154v2_genomic.fna.gz	0.2079	0.2079	0.2921	0.2922
/share/data/refseq/protozoa/GCF/GCF_000151665.1_ASM15166v1_genomic.fna.gz	0.2736	0.2739	0.2264	0.2261
/share/data/refseq/protozoa/GCF/GCF_000165345.1_ASM16534v1_genomic.fna.gz	0.3498	0.3480	0.1504	0.1519
/share/data/refseq/protozoa/GCF/GCF_000165365.1_ASM16536v1_genomic.fna.gz	0.3291	0.3304	0.1707	0.1697
/share/data/refseq/protozoa/GCF/GCF_000165395.1_ASM16539v1_genomic.fna.gz	0.2929	0.2912	0.2082	0.2078
/share/data/refseq/protozoa/GCF/GCF_000165425.1_ASM16542v1_genomic.fna.gz	0.3599	0.3596	0.1401	0.1404
/share/data/refseq/protozoa/GCF/GCF_000186865.1_v_1.0_genomic.fna.gz	0.1525	0.1525	0.3475	0.3475
/share/data/refseq/protozoa/GCF/GCF_000189635.1_JCVI-TTA1-2.2_genomic.fna.gz	0.3883	0.3885	0.1115	0.1117
/share/data/refseq/protozoa/GCF/GCF_000190715.1_v1.0_genomic.fna.gz	0.3780	0.3774	0.1225	0.1222
/share/data/refseq/protozoa/GCF/GCF_000194455.1_ASM19445v1_genomic.fna.gz	0.3592	0.3625	0.1391	0.1393
/share/data/refseq/protozoa/GCF/GCF_000203815.1_DFas_2.0_genomic.fna.gz	0.3306	0.3311	0.1692	0.1691
/share/data/refseq/protozoa/GCF/GCF_000208865.1_ASM20886v2_genomic.fna.gz	0.2258	0.2257	0.2742	0.2743
/share/data/refseq/protozoa/GCF/GCF_000208925.1_JCVI_ESG2_1.0_genomic.fna.gz	0.3779	0.3792	0.1214	0.1216
/share/data/refseq/protozoa/GCF/GCF_000208965.1_TryBru_Apr2005_chr9_genomic.fna.gz	0.2764	0.2711	0.2277	0.2248
/share/data/refseq/protozoa/GCF/GCF_000208985.1_TryBru_Apr2005_chr10_genomic.fna.gz	0.2618	0.2617	0.2371	0.2394
/share/data/refseq/protozoa/GCF/GCF_000209005.1_TryBru_Apr2005_chr11_genomic.fna.gz	0.2636	0.2698	0.2329	0.2337
/share/data/refseq/protozoa/GCF/GCF_000209065.1_ASM20906v1_genomic.fna.gz	0.2416	0.2411	0.2591	0.2583
/share/data/refseq/protozoa/GCF/GCF_000209125.1_JCVI_EDISG_1.0_genomic.fna.gz	0.3807	0.3788	0.1202	0.1204
/share/data/refseq/protozoa/GCF/GCF_000210295.1_ASM21029v1_genomic.fna.gz	0.2638	0.2645	0.2360	0.2356
/share/data/refseq/protozoa/GCF/GCF_000220395.1_JCVI-IMG1-V.1_genomic.fna.gz	0.4203	0.4206	0.0797	0.0795
/share/data/refseq/protozoa/GCF/GCF_000223845.1_GNI3_genomic.fna.gz	0.2311	0.2311	0.2687	0.2691
/share/data/refseq/protozoa/GCF/GCF_000227135.1_ASM22713v2_genomic.fna.gz	0.2011	0.2038	0.2987	0.2963
/share/data/refseq/protozoa/GCF/GCF_000234665.1_ASM23466v4_genomic.fna.gz	0.1998	0.2022	0.3004	0.2976
/share/data/refseq/protozoa/GCF/GCF_000240725.1_ASM24072v1_genomic.fna.gz	0.2291	0.2283	0.2706	0.2720
/share/data/refseq/protozoa/GCF/GCF_000247585.1_PP_INRA-310_V2_genomic.fna.gz	0.2527	0.2522	0.2477	0.2474
/share/data/refseq/protozoa/GCF/GCF_000257125.1_ENU1_v1_genomic.fna.gz	0.3724	0.3774	0.1262	0.1240
/share/data/refseq/protozoa/GCF/GCF_000258005.1_HHA1_v02_genomic.fna.gz	0.2332	0.2338	0.2668	0.2662
/share/data/refseq/protozoa/GCF/GCF_000281045.1_Sap_diclina_VS20_V1_genomic.fna.gz	0.2073	0.2066	0.2933	0.2927
/share/data/refseq/protozoa/GCF/GCF_000313135.1_Acastellanii.strNEFF_v1_genomic.fna.gz	0.2080	0.2078	0.2919	0.2923
/share/data/refseq/protozoa/GCF/GCF_000315625.1_Guith1_genomic.fna.gz	0.2345	0.2345	0.2658	0.2653
/share/data/refseq/protozoa/GCF/GCF_000321355.1_PcynB_1.0_genomic.fna.gz	0.2974	0.2988	0.2018	0.2020
/share/data/refseq/protozoa/GCF/GCF_000330505.1_EIA2_v2_genomic.fna.gz	0.3489	0.3492	0.1509	0.1510
/share/data/refseq/protozoa/GCF/GCF_000342415.1_JCVI-bewag-v1.1_genomic.fna.gz	0.3031	0.3021	0.1973	0.1975
/share/data/refseq/protozoa/GCF/GCF_000372725.1_Emiliana_huxleyi_CCMP1516_main_genome_assembly_v1.0_genomic.fna.gz	0.1717	0.1715	0.3280	0.3287
/share/data/refseq/protozoa/GCF/GCF_000499385.1_ENH001_genomic.fna.gz	0.2449	0.2445	0.2553	0.2553
/share/data/refseq/protozoa/GCF/GCF_000499425.1_EAH001_genomic.fna.gz	0.2589	0.2575	0.2421	0.2415
/share/data/refseq/protozoa/GCF/GCF_000499545.1_ETH001_genomic.fna.gz	0.2427	0.2440	0.2554	0.2579
/share/data/refseq/protozoa/GCF/GCF_000499545.2_ETH001_genomic.fna.gz	0.2428	0.2441	0.2553	0.2578
/share/data/refseq/protozoa/GCF/GCF_000499605.1_EMW001_genomic.fna.gz	0.2667	0.2671	0.2331	0.2331
/share/data/refseq/protozoa/GCF/GCF_000499745.1_EMH001_genomic.fna.gz	0.2638	0.2637	0.2362	0.2362
/share/data/refseq/protozoa/GCF/GCF_000520075.1_Apha_asta_APO3_V1_genomic.fna.gz	0.2511	0.2513	0.2489	0.2487
/share/data/refseq/protozoa/GCF/GCF_000520115.1_Apha_inva_NJM9701_V1_genomic.fna.gz	0.2291	0.2291	0.2708	0.2710
/share/data/refseq/protozoa/GCF/GCF_000524495.1_Plas_inui_San_Antonio_1_V1_genomic.fna.gz	0.2892	0.2893	0.2095	0.2119
/share/data/refseq/protozoa/GCF/GCF_000691245.1_Tgr_V1_genomic.fna.gz	0.2306	0.2299	0.2698	0.2697
/share/data/refseq/protozoa/GCF/GCF_000691945.1_ASM69194v1_genomic.fna.gz	0.3185	0.3188	0.1821	0.1806
/share/data/refseq/protozoa/GCF/GCF_000691945.2_ASM69194v2_genomic.fna.gz	0.3192	0.3191	0.1815	0.1802
/share/data/refseq/protozoa/GCF/GCF_000709005.1_Plas_vinc_vinckei_V1_genomic.fna.gz	0.3848	0.3863	0.1149	0.1140
/share/data/refseq/protozoa/GCF/GCF_000723685.1_PREICH001_genomic.fna.gz	0.4035	0.4039	0.0962	0.0964
/share/data/refseq/protozoa/GCF/GCF_000740895.1_ASM74089v1_genomic.fna.gz	0.2925	0.2921	0.2069	0.2086
/share/data/refseq/protozoa/GCF/GCF_000743755.1_ASM74375v1_genomic.fna.gz	0.3016	0.3012	0.1988	0.1984
/share/data/refseq/protozoa/GCF/GCF_000755165.1_ASM75516v1_genomic.fna.gz	0.2113	0.2131	0.2892	0.2864
/share/data/refseq/protozoa/GCF/GCF_000769155.1_ASM76915v2_genomic.fna.gz	0.2404	0.2411	0.2586	0.2598
/share/data/refseq/protozoa/GCF/GCF_000787575.1_Asub_2.0_genomic.fna.gz	0.2785	0.2791	0.2208	0.2215
/share/data/refseq/protozoa/GCF/GCF_000956335.1_Plas_frag_nilgiri_V1_genomic.fna.gz	0.2939	0.2940	0.2063	0.2059
/share/data/refseq/protozoa/GCF/GCF_000981445.1_Bbig001_genomic.fna.gz	0.2473	0.2464	0.2543	0.2521
/share/data/refseq/protozoa/GCF/GCF_001293395.1_ASM129339v1_genomic.fna.gz	0.2149	0.2185	0.2844	0.2822
/share/data/refseq/protozoa/GCF/GCF_001601855.1_ASM160185v1_genomic.fna.gz	0.4070	0.4070	0.0930	0.0930
/share/data/refseq/protozoa/GCF/GCF_001602025.1_ASM160202v1_genomic.fna.gz	0.4091	0.4088	0.0911	0.0910
/share/data/refseq/protozoa/GCF/GCF_001680005.1_ASM168000v1_genomic.fna.gz	0.3010	0.3025	0.1985	0.1980
/share/data/refseq/protozoa/GCF/GCF_900002335.1_PCHAS01_genomic.fna.gz	0.3826	0.3811	0.1187	0.1176
/share/data/refseq/protozoa/GCF/GCF_900002335.2_PCHAS01_genomic.fna.gz	0.3827	0.3812	0.1186	0.1175
/share/data/refseq/protozoa/GCF/GCF_900002385.1_PY17X01_genomic.fna.gz	0.3919	0.3912	0.1088	0.1081
