GCF_000427115.1_CBEV_1_genomic.fna.gz	0.3949	0.4078	0.1001	0.0972
GCF_000427135.1_AHEV_1_genomic.fna.gz	0.3969	0.3932	0.1045	0.1055
GCF_000427155.1_MySEV_1_genomic.fna.gz	0.3967	0.4064	0.0984	0.0985
GCF_000427175.1_CREV_1_genomic.fna.gz	0.3946	0.4107	0.0989	0.0958
GCF_000819615.1_ViralProj14015_genomic.fna.gz	0.2397	0.3127	0.2148	0.2328
GCF_000820355.1_ViralMultiSegProj14361_genomic.fna.gz	0.2448	0.2513	0.2319	0.2720
GCF_000820495.2_ViralMultiSegProj14656_genomic.fna.gz	0.3586	0.2398	0.1766	0.2250
GCF_000836805.1_ViralProj14012_genomic.fna.gz	0.2890	0.3012	0.1861	0.2237
GCF_000836825.1_ViralProj14017_genomic.fna.gz	0.2861	0.3000	0.2118	0.2020
GCF_000836845.1_ViralProj14021_genomic.fna.gz	0.2400	0.2300	0.2467	0.2833
GCF_000836865.1_ViralProj14025_genomic.fna.gz	0.2638	0.2557	0.2230	0.2575
GCF_000836885.1_ViralProj14030_genomic.fna.gz	0.2385	0.1871	0.2947	0.2796
GCF_000836905.1_ViralProj14035_genomic.fna.gz	0.2500	0.2483	0.2376	0.2640
GCF_000836925.1_ViralProj14039_genomic.fna.gz	0.2749	0.2880	0.2066	0.2304
GCF_000836945.1_ViralProj14044_genomic.fna.gz	0.3184	0.3286	0.1879	0.1651
GCF_000836965.1_ViralProj14048_genomic.fna.gz	0.2619	0.2433	0.2379	0.2569
GCF_000836985.1_ViralProj14054_genomic.fna.gz	0.3414	0.2731	0.1727	0.2129
GCF_000837005.1_ViralProj14058_genomic.fna.gz	0.3795	0.2372	0.2204	0.1629
GCF_000837025.1_ViralProj14062_genomic.fna.gz	0.2646	0.2544	0.2237	0.2573
GCF_000837045.1_ViralProj14067_genomic.fna.gz	0.2603	0.2324	0.2502	0.2572
GCF_000837065.1_ViralProj14071_genomic.fna.gz	0.3054	0.2859	0.1996	0.2091
GCF_000837085.1_ViralProj14075_genomic.fna.gz	0.2862	0.2494	0.2192	0.2452
GCF_000837105.1_ViralMultiSegProj14079_genomic.fna.gz	0.2657	0.3048	0.2066	0.2229
GCF_000837125.1_ViralProj14084_genomic.fna.gz	0.2232	0.2255	0.2764	0.2750
GCF_000837145.1_ViralProj14089_genomic.fna.gz	0.2939	0.3020	0.2011	0.2029
GCF_000837165.1_ViralProj14093_genomic.fna.gz	0.2682	0.2802	0.2227	0.2289
GCF_000837185.1_ViralProj14097_genomic.fna.gz	0.4050	0.4172	0.0898	0.0880
GCF_000837205.1_ViralMultiSegProj14101_genomic.fna.gz	0.2724	0.3142	0.1937	0.2197
GCF_000837225.1_ViralProj14105_genomic.fna.gz	0.2481	0.2313	0.2433	0.2773
GCF_000837245.1_ViralProj14109_genomic.fna.gz	0.1828	0.1807	0.3260	0.3105
GCF_000837265.1_ViralProj14113_genomic.fna.gz	0.3515	0.3181	0.1513	0.1791
GCF_000837285.1_ViralMultiSegProj14117_genomic.fna.gz	0.2524	0.2609	0.2298	0.2569
GCF_000837305.1_ViralMultiSegProj14121_genomic.fna.gz	0.2626	0.2968	0.2175	0.2231
GCF_000837325.1_ViralProj14125_genomic.fna.gz	0.2224	0.2856	0.2158	0.2762
GCF_000837345.1_ViralProj14129_genomic.fna.gz	0.4247	0.2641	0.1568	0.1544
GCF_000837365.1_ViralProj14133_genomic.fna.gz	0.3451	0.2793	0.1696	0.2060
GCF_000837385.1_ViralProj14137_genomic.fna.gz	0.3772	0.2897	0.1421	0.1910
GCF_000837405.1_ViralProj14141_genomic.fna.gz	0.3687	0.2770	0.1544	0.1999
GCF_000837425.1_ViralProj14146_genomic.fna.gz	0.1868	0.1983	0.3090	0.3059
GCF_000837445.1_ViralProj14150_genomic.fna.gz	0.4801	0.2484	0.1235	0.1481
GCF_000837465.1_ViralProj14154_genomic.fna.gz	0.1729	0.1460	0.3362	0.3449
GCF_000837485.1_ViralProj14160_genomic.fna.gz	0.2978	0.2392	0.2077	0.2554
GCF_000837505.1_ViralMultiSegProj14164_genomic.fna.gz	0.3012	0.2991	0.2138	0.1859
GCF_000837525.1_ViralProj14168_genomic.fna.gz	0.2924	0.2909	0.2074	0.2094
GCF_000837545.1_ViralProj14172_genomic.fna.gz	0.2630	0.2992	0.2028	0.2350
GCF_000837565.1_ViralMultiSegProj14176_genomic.fna.gz	0.2521	0.2741	0.2206	0.2532
GCF_000837585.1_ViralProj14184_genomic.fna.gz	0.2042	0.2334	0.2653	0.2971
GCF_000837605.1_ViralMultiSegProj14188_genomic.fna.gz	0.2549	0.3083	0.2088	0.2280
GCF_000837625.1_ViralProj14020_genomic.fna.gz	0.3100	0.2023	0.2307	0.2570
GCF_000837645.1_ViralProj14024_genomic.fna.gz	0.2895	0.3025	0.2098	0.1982
GCF_000837665.1_ViralProj14029_genomic.fna.gz	0.3272	0.3097	0.1698	0.1933
GCF_000837685.1_ViralProj14034_genomic.fna.gz	0.3391	0.3146	0.1568	0.1895
GCF_000837705.1_ViralMultiSegProj14038_genomic.fna.gz	0.2655	0.2939	0.2168	0.2239
GCF_000837725.1_ViralProj14043_genomic.fna.gz	0.2589	0.2475	0.2279	0.2657
GCF_000837745.1_ViralProj14047_genomic.fna.gz	0.2836	0.2776	0.2072	0.2317
GCF_000837765.1_ViralProj14053_genomic.fna.gz	0.2457	0.2708	0.1957	0.2878
GCF_000837785.1_ViralProj14057_genomic.fna.gz	0.2936	0.2625	0.2049	0.2390
GCF_000837805.1_ViralProj14061_genomic.fna.gz	0.1987	0.3477	0.2129	0.2407
GCF_000837825.1_ViralProj14066_genomic.fna.gz	0.3567	0.3237	0.1489	0.1707
GCF_000837845.1_ViralProj14070_genomic.fna.gz	0.2652	0.3005	0.2320	0.2024
GCF_000837865.1_ViralProj14074_genomic.fna.gz	0.3000	0.3047	0.1987	0.1966
GCF_000837885.1_ViralProj14078_genomic.fna.gz	0.3274	0.2725	0.1923	0.2078
GCF_000837905.1_ViralMultiSegProj14083_genomic.fna.gz	0.2468	0.2864	0.2302	0.2367
GCF_000837925.1_ViralProj14088_genomic.fna.gz	0.2634	0.2913	0.2341	0.2112
GCF_000837945.1_ViralProj14092_genomic.fna.gz	0.2975	0.2958	0.2019	0.2049
GCF_000837965.1_ViralProj14096_genomic.fna.gz	0.3233	0.3316	0.1690	0.1761
GCF_000837985.1_ViralProj14100_genomic.fna.gz	0.2805	0.3081	0.1808	0.2305
GCF_000838005.1_ViralProj14104_genomic.fna.gz	0.2995	0.2936	0.2034	0.2034
GCF_000838025.1_ViralProj14108_genomic.fna.gz	0.3008	0.3090	0.1943	0.1959
GCF_000838045.1_ViralProj14112_genomic.fna.gz	0.3418	0.2995	0.1783	0.1805
GCF_000838065.1_ViralProj14116_genomic.fna.gz	0.3558	0.2904	0.1569	0.1969
GCF_000838085.1_ViralProj14120_genomic.fna.gz	0.2631	0.3104	0.1958	0.2307
GCF_000838105.1_ViralProj14124_genomic.fna.gz	0.3520	0.3618	0.1476	0.1386
GCF_000838125.1_ViralProj14128_genomic.fna.gz	0.2459	0.2454	0.2515	0.2572
GCF_000838145.1_ViralProj14132_genomic.fna.gz	0.3249	0.3416	0.1746	0.1589
GCF_000838165.1_ViralProj14136_genomic.fna.gz	0.3662	0.3659	0.1278	0.1401
GCF_000838185.1_ViralMultiSegProj14140_genomic.fna.gz	0.2975	0.3369	0.1748	0.1908
GCF_000838205.1_ViralProj14145_genomic.fna.gz	0.3388	0.2755	0.1695	0.2162
GCF_000838205.2_ViralProj14145_genomic.fna.gz	0.3386	0.2750	0.1702	0.2163
GCF_000838245.1_ViralProj14153_genomic.fna.gz	0.3092	0.2547	0.2158	0.2204
GCF_000838265.1_ViralProj14158_genomic.fna.gz	0.2350	0.2274	0.2774	0.2602
GCF_000838285.1_ViralProj14163_genomic.fna.gz	0.1287	0.2285	0.2633	0.3796
GCF_000838305.1_ViralProj14167_genomic.fna.gz	0.2588	0.2473	0.2279	0.2660
GCF_000838325.1_ViralProj14171_genomic.fna.gz	0.2610	0.3106	0.2082	0.2202
GCF_000838345.1_ViralMultiSegProj14175_genomic.fna.gz	0.2772	0.3116	0.1942	0.2169
GCF_000838365.1_ViralMultiSegProj14179_genomic.fna.gz	0.2649	0.2860	0.1856	0.2635
GCF_000838385.1_ViralMultiSegProj14183_genomic.fna.gz	0.2480	0.3014	0.2171	0.2335
GCF_000838405.1_ViralMultiSegProj14187_genomic.fna.gz	0.2698	0.3026	0.1976	0.2300
GCF_000838425.1_ViralProj14191_genomic.fna.gz	0.2664	0.2972	0.2061	0.2303
GCF_000838445.1_ViralProj14014_genomic.fna.gz	0.3000	0.3031	0.1988	0.1982
GCF_000838465.1_ViralProj14019_genomic.fna.gz	0.3337	0.2451	0.2030	0.2183
GCF_000838485.1_ViralProj14023_genomic.fna.gz	0.2927	0.3002	0.2028	0.2042
GCF_000838505.1_ViralProj14028_genomic.fna.gz	0.3324	0.2980	0.1697	0.1999
GCF_000838525.1_ViralProj14032_genomic.fna.gz	0.3774	0.3960	0.0826	0.1439
GCF_000838545.1_ViralMultiSegProj14037_genomic.fna.gz	0.2526	0.3019	0.2134	0.2321
GCF_000838565.1_ViralProj14042_genomic.fna.gz	0.4073	0.4100	0.0922	0.0905
GCF_000838585.1_ViralProj14046_genomic.fna.gz	0.2635	0.3010	0.2088	0.2267
GCF_000838605.1_ViralProj14052_genomic.fna.gz	0.3477	0.3434	0.1544	0.1545
GCF_000838625.1_ViralProj14056_genomic.fna.gz	0.4662	0.2845	0.1012	0.1481
GCF_000838645.1_ViralProj14060_genomic.fna.gz	0.2560	0.2060	0.2697	0.2682
GCF_000838665.1_ViralMultiSegProj14065_genomic.fna.gz	0.2609	0.3060	0.2088	0.2243
GCF_000838685.1_ViralProj14069_genomic.fna.gz	0.2555	0.2477	0.2392	0.2577
GCF_000838705.1_ViralProj14073_genomic.fna.gz	0.2614	0.2634	0.2238	0.2514
GCF_000838725.1_ViralProj14077_genomic.fna.gz	0.3624	0.2512	0.1900	0.1964
GCF_000838745.1_ViralMultiSegProj14082_genomic.fna.gz	0.2611	0.2979	0.2166	0.2244
GCF_000838765.1_ViralProj14087_genomic.fna.gz	0.3230	0.3335	0.1702	0.1732
GCF_000838785.1_ViralProj14091_genomic.fna.gz	0.2994	0.3194	0.1885	0.1927
GCF_000838805.1_ViralProj14095_genomic.fna.gz	0.2486	0.3072	0.2207	0.2236
GCF_000838825.1_ViralProj14099_genomic.fna.gz	0.2745	0.2638	0.2428	0.2189
GCF_000838845.1_ViralProj14103_genomic.fna.gz	0.2303	0.2336	0.2695	0.2666
GCF_000838865.1_ViralProj14107_genomic.fna.gz	0.3476	0.1913	0.2784	0.1826
GCF_000838885.1_ViralProj14111_genomic.fna.gz	0.3547	0.2934	0.1542	0.1977
GCF_000838905.1_ViralProj14115_genomic.fna.gz	0.2763	0.2568	0.2259	0.2409
GCF_000838925.1_ViralProj14119_genomic.fna.gz	0.2602	0.3061	0.1991	0.2346
GCF_000838945.1_ViralProj14123_genomic.fna.gz	0.3352	0.2342	0.1910	0.2396
GCF_000838965.1_ViralProj14127_genomic.fna.gz	0.2970	0.2962	0.2048	0.2020
GCF_000838985.1_ViralProj14131_genomic.fna.gz	0.3550	0.2828	0.1605	0.2017
GCF_000839005.1_ViralProj14135_genomic.fna.gz	0.3716	0.2936	0.1438	0.1909
GCF_000839025.1_ViralProj14139_genomic.fna.gz	0.3371	0.3205	0.1592	0.1832
GCF_000839045.1_ViralProj14144_genomic.fna.gz	0.2888	0.2222	0.2512	0.2378
GCF_000839065.1_ViralProj14148_genomic.fna.gz	0.3001	0.3091	0.1946	0.1962
GCF_000839085.1_ViralProj14152_genomic.fna.gz	0.1864	0.1773	0.2864	0.3500
GCF_000839105.1_ViralProj14156_genomic.fna.gz	0.3360	0.3322	0.1658	0.1659
GCF_000839125.1_ViralProj14162_genomic.fna.gz	0.2483	0.2441	0.2357	0.2720
GCF_000839145.1_ViralProj14166_genomic.fna.gz	0.4099	0.3063	0.0929	0.1909
GCF_000839165.1_ViralProj14170_genomic.fna.gz	0.2180	0.2281	0.2732	0.2807
GCF_000839185.1_ViralProj14174_genomic.fna.gz	0.3333	0.3326	0.1681	0.1660
GCF_000839205.1_ViralProj14178_genomic.fna.gz	0.3679	0.4005	0.0802	0.1514
GCF_000839225.1_ViralMultiSegProj14182_genomic.fna.gz	0.2655	0.3161	0.1959	0.2225
GCF_000839245.1_ViralMultiSegProj14186_genomic.fna.gz	0.2710	0.2988	0.2135	0.2167
GCF_000839265.1_ViralProj14190_genomic.fna.gz	0.2721	0.3048	0.1986	0.2244
GCF_000839285.1_ViralProj14194_genomic.fna.gz	0.2104	0.2322	0.2568	0.3005
GCF_000839305.1_ViralMultiSegProj14013_genomic.fna.gz	0.2690	0.3032	0.1992	0.2286
GCF_000839325.1_ViralProj14018_genomic.fna.gz	0.2140	0.2237	0.2814	0.2809
GCF_000839345.1_ViralProj14022_genomic.fna.gz	0.2649	0.2335	0.2369	0.2647
GCF_000839365.1_ViralProj14027_genomic.fna.gz	0.3220	0.3104	0.1638	0.2038
GCF_000839385.1_ViralProj14031_genomic.fna.gz	0.3307	0.2870	0.2040	0.1783
GCF_000839405.1_ViralProj14036_genomic.fna.gz	0.3277	0.3176	0.1722	0.1825
GCF_000839425.1_ViralProj14040_genomic.fna.gz	0.3243	0.3101	0.1941	0.1715
GCF_000839445.1_ViralProj14045_genomic.fna.gz	0.3460	0.2713	0.1712	0.2116
GCF_000839465.1_ViralProj14051_genomic.fna.gz	0.3438	0.2689	0.1765	0.2108
GCF_000839485.1_ViralProj14055_genomic.fna.gz	0.3921	0.2294	0.2041	0.1744
GCF_000839505.1_ViralMultiSegProj14059_genomic.fna.gz	0.2724	0.3109	0.1891	0.2276
GCF_000839525.1_ViralProj14064_genomic.fna.gz	0.2676	0.3674	0.1398	0.2251
GCF_000839545.1_ViralProj14068_genomic.fna.gz	0.2124	0.2516	0.2611	0.2749
GCF_000839565.1_ViralMultiSegProj14072_genomic.fna.gz	0.2747	0.3081	0.1929	0.2243
GCF_000839585.1_ViralProj14076_genomic.fna.gz	0.2063	0.2599	0.2636	0.2702
GCF_000839605.1_ViralProj14081_genomic.fna.gz	0.3517	0.3576	0.1465	0.1442
GCF_000839625.1_ViralProj14086_genomic.fna.gz	0.2509	0.2374	0.2457	0.2660
GCF_000839645.1_ViralProj14090_genomic.fna.gz	0.2956	0.2663	0.2091	0.2291
GCF_000839665.1_ViralProj14094_genomic.fna.gz	0.2582	0.2695	0.2320	0.2403
GCF_000839685.1_ViralProj14098_genomic.fna.gz	0.2942	0.2368	0.2284	0.2407
GCF_000839705.1_ViralMultiSegProj14102_genomic.fna.gz	0.3249	0.3112	0.1659	0.1980
GCF_000839725.1_ViralProj14106_genomic.fna.gz	0.2596	0.2649	0.2379	0.2377
GCF_000839745.1_ViralProj14110_genomic.fna.gz	0.3009	0.2853	0.2127	0.2012
GCF_000839765.1_ViralProj14114_genomic.fna.gz	0.2444	0.2383	0.2576	0.2598
GCF_000839785.1_ViralProj14118_genomic.fna.gz	0.2755	0.2718	0.2245	0.2282
GCF_000839805.1_ViralProj14122_genomic.fna.gz	0.3764	0.3645	0.1272	0.1319
GCF_000839825.1_ViralProj14126_genomic.fna.gz	0.2821	0.2376	0.2448	0.2355
GCF_000839845.1_ViralProj14130_genomic.fna.gz	0.2665	0.3028	0.2019	0.2288
GCF_000839865.1_ViralProj14134_genomic.fna.gz	0.2835	0.2784	0.2174	0.2207
GCF_000839885.1_ViralProj14138_genomic.fna.gz	0.2812	0.2911	0.2131	0.2146
GCF_000839905.1_ViralProj14142_genomic.fna.gz	0.3623	0.2904	0.1423	0.2049
GCF_000839925.1_ViralProj14147_genomic.fna.gz	0.2314	0.2102	0.2801	0.2784
GCF_000839945.1_ViralProj14151_genomic.fna.gz	0.2152	0.2777	0.2332	0.2740
GCF_000839965.1_ViralProj14155_genomic.fna.gz	0.3657	0.3602	0.1359	0.1381
GCF_000839985.1_ViralProj14161_genomic.fna.gz	0.3402	0.3393	0.1185	0.2020
GCF_000840005.1_ViralMultiSegProj14165_genomic.fna.gz	0.2684	0.3202	0.1959	0.2155
GCF_000840025.1_ViralProj14169_genomic.fna.gz	0.2578	0.2422	0.2671	0.2329
GCF_000840045.1_ViralMultiSegProj14173_genomic.fna.gz	0.2880	0.3169	0.1715	0.2236
GCF_000840065.1_ViralProj14177_genomic.fna.gz	0.2114	0.2814	0.2306	0.2766
GCF_000840085.1_ViralProj14181_genomic.fna.gz	0.2655	0.3004	0.1926	0.2415
GCF_000840105.1_ViralMultiSegProj14185_genomic.fna.gz	0.2744	0.3271	0.1864	0.2121
GCF_000840125.1_ViralProj14189_genomic.fna.gz	0.1922	0.2591	0.2423	0.3064
GCF_000840145.1_ViralProj14193_genomic.fna.gz	0.2632	0.3173	0.1961	0.2234
GCF_000840165.1_ViralProj14197_genomic.fna.gz	0.3797	0.3672	0.1241	0.1289
GCF_000840185.1_ViralProj14192_genomic.fna.gz	0.2675	0.3074	0.1972	0.2280
GCF_000840205.1_ViralProj14196_genomic.fna.gz	0.3814	0.3686	0.1226	0.1275
GCF_000840225.1_ViralMultiSegProj14200_genomic.fna.gz	0.2806	0.3249	0.1833	0.2112
GCF_000840245.1_ViralProj14204_genomic.fna.gz	0.2543	0.2471	0.2343	0.2643
GCF_000840265.1_ViralProj14208_genomic.fna.gz	0.3414	0.2672	0.1930	0.1984
GCF_000840285.1_ViralProj14212_genomic.fna.gz	0.2543	0.3009	0.2459	0.1989
GCF_000840305.1_ViralProj14216_genomic.fna.gz	0.3153	0.3081	0.1839	0.1927
GCF_000840325.1_ViralProj14221_genomic.fna.gz	0.3244	0.3118	0.1788	0.1850
GCF_000840345.1_ViralProj14225_genomic.fna.gz	0.3584	0.2870	0.1578	0.1968
GCF_000840365.1_ViralProj14229_genomic.fna.gz	0.3016	0.3074	0.1949	0.1961
GCF_000840385.1_ViralProj14233_genomic.fna.gz	0.3268	0.2805	0.2131	0.1797
GCF_000840405.1_ViralProj14237_genomic.fna.gz	0.3151	0.2632	0.1808	0.2409
GCF_000840425.1_ViralProj14241_genomic.fna.gz	0.2700	0.2991	0.2027	0.2282
GCF_000840445.1_ViralProj14245_genomic.fna.gz	0.2763	0.2948	0.2046	0.2242
GCF_000840465.1_ViralProj14249_genomic.fna.gz	0.2699	0.3208	0.2030	0.2063
GCF_000840485.1_ViralMultiSegProj14253_genomic.fna.gz	0.2480	0.3105	0.2155	0.2260
GCF_000840505.1_ViralMultiSegProj14258_genomic.fna.gz	0.2466	0.3280	0.1874	0.2380
GCF_000840525.1_ViralMultiSegProj14262_genomic.fna.gz	0.2421	0.3045	0.2144	0.2390
GCF_000840545.1_ViralProj14266_genomic.fna.gz	0.2621	0.3030	0.1975	0.2373
GCF_000840565.1_ViralProj14270_genomic.fna.gz	0.2006	0.1682	0.3351	0.2961
GCF_000840585.1_ViralProj14274_genomic.fna.gz	0.2366	0.1902	0.2820	0.2911
GCF_000840605.1_ViralProj14279_genomic.fna.gz	0.2580	0.3083	0.2372	0.1965
GCF_000840625.1_ViralProj14285_genomic.fna.gz	0.2586	0.2329	0.2475	0.2610
GCF_000840645.1_ViralProj14289_genomic.fna.gz	0.3028	0.2434	0.1993	0.2545
GCF_000840645.2_ViralProj14289_genomic.fna.gz	0.3002	0.2424	0.2030	0.2545
GCF_000840685.1_ViralProj14297_genomic.fna.gz	0.2686	0.3180	0.1985	0.2149
GCF_000840705.1_ViralProj14301_genomic.fna.gz	0.2882	0.3074	0.2139	0.1905
GCF_000840725.1_ViralProj14305_genomic.fna.gz	0.1907	0.2029	0.3054	0.3010
GCF_000840765.1_ViralProj14314_genomic.fna.gz	0.1927	0.1978	0.3081	0.3014
GCF_000840785.1_ViralProj14318_genomic.fna.gz	0.2724	0.2708	0.2595	0.1974
GCF_000840805.1_ViralProj14322_genomic.fna.gz	0.2346	0.2431	0.2628	0.2595
GCF_000840825.1_ViralProj14326_genomic.fna.gz	0.3057	0.2785	0.1945	0.2213
GCF_000840845.1_ViralProj14330_genomic.fna.gz	0.1944	0.1937	0.2858	0.3261
GCF_000840865.1_ViralProj14335_genomic.fna.gz	0.1895	0.1574	0.3245	0.3286
GCF_000840865.2_ViralProj14335_genomic.fna.gz	0.1895	0.1574	0.3245	0.3286
GCF_000840885.1_ViralProj14339_genomic.fna.gz	0.2034	0.1876	0.2960	0.3130
GCF_000840905.1_ViralMultiSegProj14343_genomic.fna.gz	0.2489	0.2849	0.2212	0.2450
GCF_000840925.1_ViralProj14348_genomic.fna.gz	0.2584	0.3004	0.2042	0.2369
GCF_000840945.1_ViralProj14352_genomic.fna.gz	0.3742	0.2905	0.1414	0.1939
GCF_000840965.1_ViralMultiSegProj14356_genomic.fna.gz	0.2694	0.3090	0.2020	0.2196
GCF_000840985.1_ViralMultiSegProj14360_genomic.fna.gz	0.2789	0.3276	0.1880	0.2055
GCF_000841005.1_ViralProj14364_genomic.fna.gz	0.2286	0.2312	0.2688	0.2714
GCF_000841025.1_ViralProj14201_genomic.fna.gz	0.2374	0.2817	0.2213	0.2596
GCF_000841045.1_ViralProj14205_genomic.fna.gz	0.2638	0.2590	0.2206	0.2566
GCF_000841065.1_ViralProj14209_genomic.fna.gz	0.3165	0.3088	0.1908	0.1839
GCF_000841085.1_ViralProj14213_genomic.fna.gz	0.2811	0.3099	0.1930	0.2160
GCF_000841105.1_ViralProj14217_genomic.fna.gz	0.3150	0.2581	0.1921	0.2348
GCF_000841125.1_ViralProj14222_genomic.fna.gz	0.3635	0.2581	0.1853	0.1931
GCF_000841145.1_ViralProj14226_genomic.fna.gz	0.3389	0.2785	0.1724	0.2102
GCF_000841165.1_ViralProj14230_genomic.fna.gz	0.2722	0.2526	0.2340	0.2412
GCF_000841185.1_ViralProj14234_genomic.fna.gz	0.2447	0.2490	0.2349	0.2714
GCF_000841205.1_ViralMultiSegProj14238_genomic.fna.gz	0.2736	0.3056	0.2097	0.2110
GCF_000841225.1_ViralProj14242_genomic.fna.gz	0.2541	0.3108	0.1977	0.2374
GCF_000841245.1_ViralProj14246_genomic.fna.gz	0.3753	0.2797	0.1487	0.1962
GCF_000841265.1_ViralProj14250_genomic.fna.gz	0.2723	0.2890	0.2081	0.2306
GCF_000841285.1_ViralProj14255_genomic.fna.gz	0.2481	0.2837	0.2324	0.2358
GCF_000841305.1_ViralProj14259_genomic.fna.gz	0.2692	0.3110	0.2021	0.2177
GCF_000841325.1_ViralMultiSegProj14263_genomic.fna.gz	0.2461	0.2945	0.2219	0.2375
GCF_000841345.1_ViralProj14267_genomic.fna.gz	0.2657	0.2918	0.2104	0.2321
GCF_000841365.1_ViralProj14271_genomic.fna.gz	0.1846	0.1616	0.3303	0.3234
GCF_000841385.1_ViralProj14275_genomic.fna.gz	0.1756	0.1826	0.3246	0.3172
GCF_000841405.1_ViralProj14280_genomic.fna.gz	0.2451	0.2339	0.2461	0.2750
GCF_000841425.1_ViralProj14286_genomic.fna.gz	0.2578	0.2616	0.2422	0.2384
GCF_000841445.1_ViralMultiSegProj14290_genomic.fna.gz	0.2726	0.3078	0.2093	0.2103
GCF_000841465.1_ViralProj14294_genomic.fna.gz	0.2314	0.2106	0.2787	0.2793
GCF_000841485.1_ViralProj14298_genomic.fna.gz	0.3319	0.3232	0.1716	0.1733
GCF_000841505.1_ViralProj14302_genomic.fna.gz	0.3435	0.3321	0.1631	0.1613
GCF_000841525.1_ViralProj14307_genomic.fna.gz	0.1866	0.2439	0.2494	0.3202
GCF_000841545.1_ViralProj14311_genomic.fna.gz	0.3474	0.2554	0.1660	0.2312
GCF_000841565.1_ViralProj14315_genomic.fna.gz	0.2633	0.3061	0.2390	0.1916
GCF_000841585.1_ViralProj14319_genomic.fna.gz	0.2539	0.2074	0.2740	0.2647
GCF_000841605.1_ViralProj14323_genomic.fna.gz	0.3171	0.2928	0.1838	0.2063
GCF_000841625.1_ViralProj14327_genomic.fna.gz	0.3247	0.3069	0.1677	0.2006
GCF_000841645.1_ViralProj14331_genomic.fna.gz	0.3497	0.2919	0.1600	0.1984
GCF_000841665.1_ViralProj14336_genomic.fna.gz	0.2642	0.2368	0.2339	0.2652
GCF_000841685.1_ViralProj14340_genomic.fna.gz	0.3524	0.3439	0.1520	0.1517
GCF_000841705.1_ViralProj14349_genomic.fna.gz	0.2719	0.3087	0.1922	0.2272
GCF_000841725.1_ViralProj14353_genomic.fna.gz	0.1635	0.1824	0.3220	0.3321
GCF_000841745.1_ViralProj14357_genomic.fna.gz	0.1676	0.1674	0.3284	0.3366
GCF_000841765.1_ViralProj14365_genomic.fna.gz	0.2103	0.2679	0.2421	0.2797
GCF_000841785.1_ViralMultiSegProj14370_genomic.fna.gz	0.2551	0.3170	0.1988	0.2291
GCF_000841805.1_ViralProj14376_genomic.fna.gz	0.1930	0.1783	0.3103	0.3183
GCF_000841825.1_ViralProj14195_genomic.fna.gz	0.2559	0.2508	0.2336	0.2597
GCF_000841845.1_ViralMultiSegProj14199_genomic.fna.gz	0.2667	0.3381	0.1751	0.2201
GCF_000841865.1_ViralProj14203_genomic.fna.gz	0.1807	0.1840	0.3228	0.3125
GCF_000841885.1_ViralProj14207_genomic.fna.gz	0.2139	0.1672	0.3027	0.3161
GCF_000841905.1_ViralProj14211_genomic.fna.gz	0.3346	0.3336	0.1667	0.1652
GCF_000841925.1_ViralProj14215_genomic.fna.gz	0.2946	0.2865	0.2072	0.2116
GCF_000841945.1_ViralProj14220_genomic.fna.gz	0.2952	0.2628	0.2012	0.2407
GCF_000841965.1_ViralProj14224_genomic.fna.gz	0.3039	0.2751	0.2011	0.2200
GCF_000841985.1_ViralProj14228_genomic.fna.gz	0.2490	0.2408	0.2394	0.2708
GCF_000842005.1_ViralProj14232_genomic.fna.gz	0.3360	0.2640	0.1912	0.2088
GCF_000842025.1_ViralProj14236_genomic.fna.gz	0.3226	0.2051	0.2359	0.2363
GCF_000842045.1_ViralProj14240_genomic.fna.gz	0.2697	0.3028	0.1983	0.2292
GCF_000842065.1_ViralProj14244_genomic.fna.gz	0.2613	0.3060	0.2067	0.2260
GCF_000842085.1_ViralProj14248_genomic.fna.gz	0.3687	0.2965	0.1420	0.1928
GCF_000842105.1_ViralProj14252_genomic.fna.gz	0.2560	0.3036	0.2021	0.2384
GCF_000842125.1_ViralProj14257_genomic.fna.gz	0.2636	0.2957	0.2066	0.2340
GCF_000842145.1_ViralProj14261_genomic.fna.gz	0.2666	0.3057	0.1996	0.2282
GCF_000842165.1_ViralProj14265_genomic.fna.gz	0.2260	0.1998	0.2910	0.2832
GCF_000842185.1_ViralProj14269_genomic.fna.gz	0.3333	0.3735	0.1550	0.1383
GCF_000842205.1_ViralProj14273_genomic.fna.gz	0.1981	0.1881	0.3072	0.3065
GCF_000842225.1_ViralProj14278_genomic.fna.gz	0.3219	0.2446	0.2121	0.2214
GCF_000842245.1_ViralProj14284_genomic.fna.gz	0.2602	0.2544	0.2451	0.2403
GCF_000842265.1_ViralProj14288_genomic.fna.gz	0.3320	0.3217	0.1714	0.1749
GCF_000842285.1_ViralProj14292_genomic.fna.gz	0.2357	0.2439	0.2562	0.2642
GCF_000842305.1_ViralProj14296_genomic.fna.gz	0.2671	0.3081	0.2093	0.2155
GCF_000842325.1_ViralProj14300_genomic.fna.gz	0.2964	0.2993	0.1724	0.2318
GCF_000842345.1_ViralProj14304_genomic.fna.gz	0.1561	0.1543	0.3403	0.3493
GCF_000842365.1_ViralProj14309_genomic.fna.gz	0.1948	0.1575	0.3334	0.3143
GCF_000842385.1_ViralProj14313_genomic.fna.gz	0.1239	0.1281	0.3716	0.3764
GCF_000842405.1_ViralProj14317_genomic.fna.gz	0.3004	0.3146	0.1927	0.1923
GCF_000842425.1_ViralProj14321_genomic.fna.gz	0.2716	0.2896	0.2233	0.2155
GCF_000842445.1_ViralProj14325_genomic.fna.gz	0.3303	0.2475	0.2053	0.2170
GCF_000842465.1_ViralProj14329_genomic.fna.gz	0.2079	0.2114	0.2905	0.2902
GCF_000842485.1_ViralProj14334_genomic.fna.gz	0.1938	0.1628	0.3296	0.3138
GCF_000842505.1_ViralProj14338_genomic.fna.gz	0.3498	0.2934	0.1596	0.1972
GCF_000842525.1_ViralProj14342_genomic.fna.gz	0.2630	0.3079	0.2056	0.2235
GCF_000842545.1_ViralProj14346_genomic.fna.gz	0.3102	0.3106	0.1830	0.1962
GCF_000842565.1_ViralProj14351_genomic.fna.gz	0.3486	0.3000	0.1517	0.1997
GCF_000842585.1_ViralProj14355_genomic.fna.gz	0.3225	0.2900	0.1717	0.2158
GCF_000842605.1_ViralProj14359_genomic.fna.gz	0.1638	0.1822	0.3221	0.3319
GCF_000842625.1_ViralProj14363_genomic.fna.gz	0.3405	0.2901	0.1670	0.2024
GCF_000842645.1_ViralProj14368_genomic.fna.gz	0.2464	0.3120	0.2053	0.2364
GCF_000842665.1_ViralProj14372_genomic.fna.gz	0.2706	0.3167	0.1918	0.2209
GCF_000842685.1_ViralProj14378_genomic.fna.gz	0.1585	0.1377	0.3471	0.3568
GCF_000842705.1_ViralProj14198_genomic.fna.gz	0.3442	0.3198	0.1817	0.1543
GCF_000842725.1_ViralProj14202_genomic.fna.gz	0.3213	0.3217	0.1772	0.1798
GCF_000842745.1_ViralProj14206_genomic.fna.gz	0.2624	0.3078	0.2007	0.2290
GCF_000842765.1_ViralMultiSegProj14210_genomic.fna.gz	0.2727	0.2879	0.2037	0.2356
GCF_000842785.1_ViralProj14214_genomic.fna.gz	0.2659	0.3075	0.2047	0.2219
GCF_000842805.1_ViralProj14218_genomic.fna.gz	0.2637	0.2910	0.2103	0.2350
GCF_000842825.1_ViralProj14223_genomic.fna.gz	0.3227	0.3015	0.1935	0.1823
GCF_000842845.1_ViralProj14227_genomic.fna.gz	0.2631	0.3027	0.2331	0.2011
GCF_000842865.1_ViralProj14231_genomic.fna.gz	0.3304	0.2702	0.1941	0.2052
GCF_000842885.1_ViralProj14235_genomic.fna.gz	0.1635	0.1772	0.3099	0.3495
GCF_000842905.1_ViralProj14239_genomic.fna.gz	0.2757	0.3145	0.1884	0.2214
GCF_000842925.1_ViralMultiSegProj14243_genomic.fna.gz	0.2795	0.2953	0.2193	0.2059
GCF_000842945.1_ViralProj14247_genomic.fna.gz	0.3713	0.2953	0.1369	0.1966
GCF_000842965.1_ViralProj14251_genomic.fna.gz	0.3239	0.3077	0.1767	0.1916
GCF_000842985.1_ViralMultiSegProj14256_genomic.fna.gz	0.2654	0.2979	0.2113	0.2254
GCF_000843005.1_ViralProj14260_genomic.fna.gz	0.2680	0.3003	0.2070	0.2248
GCF_000843025.1_ViralMultiSegProj14264_genomic.fna.gz	0.2469	0.2899	0.2273	0.2359
GCF_000843045.1_ViralProj14268_genomic.fna.gz	0.3376	0.3661	0.1560	0.1403
GCF_000843065.1_ViralProj14272_genomic.fna.gz	0.1733	0.1729	0.3274	0.3265
GCF_000843085.1_ViralProj14276_genomic.fna.gz	0.1892	0.1832	0.3014	0.3262
GCF_000843105.1_ViralProj14281_genomic.fna.gz	0.3583	0.2880	0.1536	0.2001
GCF_000843125.1_ViralProj14287_genomic.fna.gz	0.2506	0.2433	0.2306	0.2755
GCF_000843145.1_ViralProj14291_genomic.fna.gz	0.2746	0.2531	0.2096	0.2627
GCF_000843165.1_ViralProj14295_genomic.fna.gz	0.3224	0.2861	0.1693	0.2222
GCF_000843185.1_ViralProj14299_genomic.fna.gz	0.2926	0.2870	0.2059	0.2146
GCF_000843205.1_ViralProj14303_genomic.fna.gz	0.2194	0.2611	0.2431	0.2764
GCF_000843225.1_ViralProj14308_genomic.fna.gz	0.2746	0.2637	0.2267	0.2350
GCF_000843245.1_ViralProj14312_genomic.fna.gz	0.2772	0.2951	0.2226	0.2052
GCF_000843265.1_ViralProj14316_genomic.fna.gz	0.2529	0.2519	0.2489	0.2463
GCF_000843285.1_ViralProj14320_genomic.fna.gz	0.2898	0.3142	0.1891	0.2069
GCF_000843305.1_ViralProj14324_genomic.fna.gz	0.2620	0.2455	0.2474	0.2451
GCF_000843325.1_ViralProj14328_genomic.fna.gz	0.1841	0.1823	0.3153	0.3183
GCF_000843345.1_ViralProj14332_genomic.fna.gz	0.2710	0.2459	0.2266	0.2565
GCF_000843365.1_ViralProj14337_genomic.fna.gz	0.2600	0.3028	0.2350	0.2023
GCF_000843385.1_ViralProj14341_genomic.fna.gz	0.2666	0.2957	0.2017	0.2360
GCF_000843405.1_ViralProj14345_genomic.fna.gz	0.2483	0.2235	0.2574	0.2709
GCF_000843425.1_ViralProj14350_genomic.fna.gz	0.3471	0.3059	0.1516	0.1954
GCF_000843445.1_ViralProj14354_genomic.fna.gz	0.3111	0.3135	0.1799	0.1955
GCF_000843465.1_ViralProj14358_genomic.fna.gz	0.1633	0.1824	0.3224	0.3320
GCF_000843485.1_ViralProj14362_genomic.fna.gz	0.3543	0.2907	0.1570	0.1981
GCF_000843505.1_ViralProj14366_genomic.fna.gz	0.2853	0.3204	0.1687	0.2255
GCF_000843525.1_ViralMultiSegProj14371_genomic.fna.gz	0.2694	0.3212	0.1930	0.2163
GCF_000843525.4_ViralMultiSegProj14371_genomic.fna.gz	0.2694	0.3212	0.1930	0.2163
GCF_000843545.1_ViralProj14377_genomic.fna.gz	0.2659	0.2805	0.2263	0.2273
GCF_000843565.1_ViralMultiSegProj14369_genomic.fna.gz	0.2741	0.3036	0.2144	0.2079
GCF_000843585.1_ViralProj14374_genomic.fna.gz	0.2289	0.2870	0.2104	0.2737
GCF_000843605.1_ViralProj14379_genomic.fna.gz	0.1756	0.1725	0.3211	0.3309
GCF_000843625.1_ViralProj14383_genomic.fna.gz	0.3372	0.3252	0.1671	0.1705
GCF_000843645.1_ViralProj14387_genomic.fna.gz	0.4088	0.3402	0.1172	0.1339
GCF_000843645.2_ViralProj14387_genomic.fna.gz	0.4014	0.3504	0.1183	0.1300
GCF_000843665.1_ViralProj14392_genomic.fna.gz	0.3740	0.2905	0.1432	0.1924
GCF_000843685.1_ViralProj14396_genomic.fna.gz	0.2867	0.2777	0.2170	0.2186
GCF_000843705.1_ViralProj14400_genomic.fna.gz	0.2634	0.3109	0.1978	0.2279
GCF_000843725.1_ViralProj14404_genomic.fna.gz	0.1917	0.1913	0.3072	0.3098
GCF_000843745.1_ViralProj14408_genomic.fna.gz	0.3224	0.3212	0.1769	0.1795
GCF_000843765.1_ViralProj14412_genomic.fna.gz	0.2732	0.3056	0.1968	0.2244
GCF_000843785.1_ViralProj14416_genomic.fna.gz	0.3001	0.2739	0.2046	0.2214
GCF_000843805.1_ViralProj14420_genomic.fna.gz	0.2860	0.2891	0.2128	0.2121
GCF_000843825.1_ViralProj14424_genomic.fna.gz	0.1320	0.1323	0.3688	0.3668
GCF_000843845.1_ViralProj14428_genomic.fna.gz	0.3123	0.2683	0.2038	0.2155
GCF_000843865.1_ViralProj14433_genomic.fna.gz	0.2522	0.2174	0.2478	0.2826
GCF_000843885.1_ViralProj14437_genomic.fna.gz	0.2278	0.2160	0.2676	0.2887
GCF_000843905.1_ViralProj14441_genomic.fna.gz	0.3468	0.2531	0.1947	0.2055
GCF_000843925.1_ViralProj14445_genomic.fna.gz	0.3363	0.3008	0.1641	0.1988
GCF_000843945.1_ViralProj14449_genomic.fna.gz	0.3472	0.2876	0.1684	0.1967
GCF_000843965.1_ViralProj14453_genomic.fna.gz	0.2137	0.2554	0.2283	0.3026
GCF_000843985.2_ViralProj14457_genomic.fna.gz	0.2157	0.2093	0.2931	0.2818
GCF_000844005.1_ViralProj14461_genomic.fna.gz	0.2995	0.2850	0.2120	0.2035
GCF_000844025.1_ViralProj14465_genomic.fna.gz	0.2171	0.2162	0.2874	0.2793
GCF_000844045.1_ViralProj14469_genomic.fna.gz	0.1783	0.1767	0.3215	0.3234
GCF_000844065.1_ViralProj14473_genomic.fna.gz	0.2414	0.2530	0.2497	0.2559
GCF_000844085.1_ViralProj14477_genomic.fna.gz	0.3062	0.2432	0.2209	0.2297
GCF_000844105.1_ViralProj14481_genomic.fna.gz	0.3181	0.3087	0.1912	0.1819
GCF_000844125.1_ViralProj14485_genomic.fna.gz	0.1514	0.1372	0.3597	0.3517
GCF_000844145.1_ViralProj14489_genomic.fna.gz	0.1283	0.1271	0.3692	0.3754
GCF_000844165.1_ViralProj14493_genomic.fna.gz	0.2594	0.2675	0.2379	0.2352
GCF_000844185.1_ViralProj14497_genomic.fna.gz	0.2857	0.2782	0.2218	0.2143
GCF_000844205.1_ViralProj14501_genomic.fna.gz	0.2099	0.2222	0.2623	0.3056
GCF_000844225.1_ViralProj14511_genomic.fna.gz	0.2151	0.2023	0.2727	0.3099
GCF_000844245.1_ViralProj14515_genomic.fna.gz	0.2334	0.2261	0.2746	0.2658
GCF_000844265.1_ViralProj14519_genomic.fna.gz	0.2686	0.2536	0.2397	0.2380
GCF_000844285.1_ViralProj14523_genomic.fna.gz	0.2327	0.2295	0.2731	0.2648
GCF_000844305.1_ViralProj14534_genomic.fna.gz	0.3365	0.2226	0.2132	0.2276
GCF_000844325.1_ViralProj14538_genomic.fna.gz	0.2991	0.3058	0.1743	0.2208
GCF_000844345.1_ViralProj14542_genomic.fna.gz	0.1861	0.1823	0.3162	0.3154
GCF_000844365.1_ViralProj14546_genomic.fna.gz	0.3556	0.2687	0.1850	0.1907
GCF_000844385.1_ViralProj14551_genomic.fna.gz	0.2770	0.2618	0.2182	0.2429
GCF_000844405.1_ViralMultiSegProj14556_genomic.fna.gz	0.3323	0.3319	0.1679	0.1679
GCF_000844425.1_ViralProj14560_genomic.fna.gz	0.2292	0.2203	0.2721	0.2784
GCF_000844445.1_ViralProj14382_genomic.fna.gz	0.2427	0.2524	0.2501	0.2548
GCF_000844465.1_ViralProj14386_genomic.fna.gz	0.3065	0.2840	0.1808	0.2288
GCF_000844485.1_ViralProj14391_genomic.fna.gz	0.1653	0.1572	0.3340	0.3434
GCF_000844505.1_ViralProj14395_genomic.fna.gz	0.3932	0.3165	0.1364	0.1539
GCF_000844525.1_ViralMultiSegProj14399_genomic.fna.gz	0.2765	0.3095	0.1921	0.2218
GCF_000844545.1_ViralProj14403_genomic.fna.gz	0.3013	0.2705	0.2249	0.2034
GCF_000844565.1_ViralMultiSegProj14407_genomic.fna.gz	0.2721	0.2938	0.2123	0.2218
GCF_000844585.1_ViralProj14411_genomic.fna.gz	0.1801	0.1855	0.3161	0.3183
GCF_000844605.1_ViralProj14415_genomic.fna.gz	0.2056	0.1682	0.3346	0.2916
GCF_000844625.1_ViralProj14419_genomic.fna.gz	0.1938	0.1962	0.3013	0.3088
GCF_000844645.1_ViralProj14423_genomic.fna.gz	0.2449	0.2304	0.2666	0.2582
GCF_000844665.1_ViralMultiSegProj14427_genomic.fna.gz	0.2888	0.3269	0.1634	0.2209
GCF_000844685.1_ViralProj14432_genomic.fna.gz	0.2036	0.2497	0.2594	0.2873
GCF_000844705.1_ViralProj14436_genomic.fna.gz	0.3620	0.2082	0.2387	0.1911
GCF_000844725.1_ViralProj14440_genomic.fna.gz	0.3459	0.2881	0.1741	0.1919
GCF_000844745.1_ViralProj14444_genomic.fna.gz	0.3445	0.3096	0.1566	0.1893
GCF_000844765.1_ViralProj14448_genomic.fna.gz	0.3557	0.2697	0.1895	0.1851
GCF_000844785.1_ViralProj14452_genomic.fna.gz	0.3463	0.2993	0.1625	0.1919
GCF_000844805.1_ViralProj14456_genomic.fna.gz	0.2576	0.2011	0.2795	0.2618
GCF_000844825.1_ViralProj14460_genomic.fna.gz	0.2715	0.2445	0.2263	0.2577
GCF_000844845.1_ViralProj14464_genomic.fna.gz	0.1841	0.1814	0.3182	0.3162
GCF_000844865.1_ViralProj14468_genomic.fna.gz	0.2597	0.2489	0.2469	0.2445
GCF_000844885.1_ViralProj14472_genomic.fna.gz	0.3629	0.3648	0.1348	0.1375
GCF_000844905.1_ViralProj14476_genomic.fna.gz	0.2196	0.2359	0.2799	0.2647
GCF_000844925.1_ViralProj14480_genomic.fna.gz	0.2564	0.2445	0.2301	0.2691
GCF_000844945.1_ViralProj14484_genomic.fna.gz	0.2755	0.3177	0.1875	0.2193
GCF_000844965.1_ViralProj14488_genomic.fna.gz	0.2992	0.3223	0.1794	0.1991
GCF_000844985.1_ViralProj14492_genomic.fna.gz	0.2651	0.3122	0.1985	0.2241
GCF_000845005.1_ViralProj14496_genomic.fna.gz	0.2842	0.2602	0.2136	0.2419
GCF_000845025.1_ViralProj14500_genomic.fna.gz	0.2044	0.2176	0.2842	0.2939
GCF_000845025.2_ViralProj14500_genomic.fna.gz	0.2044	0.2176	0.2842	0.2939
GCF_000845045.1_ViralProj14506_genomic.fna.gz	0.2620	0.1831	0.2761	0.2789
GCF_000845065.1_ViralProj14514_genomic.fna.gz	0.3846	0.3626	0.1243	0.1285
GCF_000845085.1_ViralProj14518_genomic.fna.gz	0.2321	0.2158	0.2795	0.2725
GCF_000845105.1_ViralProj14522_genomic.fna.gz	0.2348	0.2222	0.2759	0.2671
GCF_000845125.1_ViralMultiSegProj14526_genomic.fna.gz	0.2696	0.2893	0.1802	0.2608
GCF_000845145.1_ViralProj14537_genomic.fna.gz	0.2557	0.3050	0.2134	0.2258
GCF_000845165.1_ViralMultiSegProj14541_genomic.fna.gz	0.2734	0.2946	0.2048	0.2272
GCF_000845185.1_ViralProj14545_genomic.fna.gz	0.2805	0.2683	0.2170	0.2341
GCF_000845205.1_ViralProj14549_genomic.fna.gz	0.2460	0.3467	0.2023	0.2051
GCF_000845225.1_ViralMultiSegProj14555_genomic.fna.gz	0.2794	0.3062	0.1993	0.2151
GCF_000845245.1_ViralProj14559_genomic.fna.gz	0.2145	0.2107	0.2851	0.2898
GCF_000845265.1_ViralMultiSegProj14563_genomic.fna.gz	0.2633	0.3042	0.2030	0.2295
GCF_000845285.1_ViralProj14567_genomic.fna.gz	0.2970	0.3037	0.1719	0.2274
GCF_000845305.1_ViralProj14380_genomic.fna.gz	0.3002	0.2624	0.2273	0.2101
GCF_000845325.1_ViralProj14384_genomic.fna.gz	0.2546	0.2888	0.2323	0.2244
GCF_000845345.1_ViralProj14388_genomic.fna.gz	0.3956	0.2594	0.1554	0.1896
GCF_000845365.1_ViralProj14393_genomic.fna.gz	0.3678	0.2518	0.1886	0.1918
GCF_000845385.1_ViralProj14397_genomic.fna.gz	0.3568	0.2900	0.1580	0.1952
GCF_000845405.1_ViralProj14401_genomic.fna.gz	0.3713	0.2686	0.1494	0.2107
GCF_000845425.1_ViralProj14405_genomic.fna.gz	0.1808	0.1859	0.3156	0.3177
GCF_000845445.1_ViralProj14409_genomic.fna.gz	0.1792	0.1844	0.3162	0.3202
GCF_000845465.1_ViralProj14417_genomic.fna.gz	0.3336	0.3214	0.1832	0.1618
GCF_000845485.1_ViralProj14421_genomic.fna.gz	0.2796	0.2592	0.2178	0.2434
GCF_000845505.1_ViralProj14425_genomic.fna.gz	0.3005	0.2416	0.2216	0.2364
GCF_000845525.1_ViralProj14429_genomic.fna.gz	0.2150	0.2195	0.2587	0.3068
GCF_000845545.1_ViralProj14434_genomic.fna.gz	0.3802	0.2826	0.1362	0.2010
GCF_000845565.1_ViralProj14438_genomic.fna.gz	0.2931	0.3094	0.1680	0.2295
GCF_000845585.1_ViralProj14442_genomic.fna.gz	0.3237	0.3060	0.1696	0.2006
GCF_000845605.1_ViralProj14446_genomic.fna.gz	0.3117	0.3095	0.1876	0.1913
GCF_000845625.1_ViralProj14450_genomic.fna.gz	0.3126	0.3141	0.1728	0.2004
GCF_000845645.1_ViralProj14454_genomic.fna.gz	0.2347	0.1921	0.2976	0.2756
GCF_000845665.1_ViralProj14458_genomic.fna.gz	0.2680	0.2597	0.2418	0.2305
GCF_000845685.1_ViralProj14462_genomic.fna.gz	0.2886	0.2870	0.2166	0.2078
GCF_000845705.1_ViralProj14466_genomic.fna.gz	0.3547	0.3470	0.1482	0.1501
GCF_000845725.1_ViralProj14470_genomic.fna.gz	0.3881	0.2448	0.1774	0.1897
GCF_000845745.1_ViralProj14474_genomic.fna.gz	0.2707	0.3076	0.1947	0.2269
GCF_000845765.1_ViralProj14478_genomic.fna.gz	0.2749	0.2542	0.2320	0.2389
GCF_000845785.1_ViralProj14482_genomic.fna.gz	0.2418	0.2962	0.2183	0.2437
GCF_000845805.1_ViralProj14486_genomic.fna.gz	0.3296	0.3187	0.1871	0.1645
GCF_000845825.1_ViralProj14490_genomic.fna.gz	0.2706	0.3237	0.1998	0.2059
GCF_000845845.1_ViralProj14494_genomic.fna.gz	0.3703	0.2661	0.1818	0.1818
GCF_000845865.1_ViralProj14498_genomic.fna.gz	0.2704	0.2549	0.2330	0.2417
GCF_000845885.1_ViralProj14502_genomic.fna.gz	0.2163	0.1934	0.2570	0.3333
GCF_000845905.1_ViralProj14512_genomic.fna.gz	0.3890	0.2574	0.1729	0.1807
GCF_000845925.1_ViralProj14516_genomic.fna.gz	0.2713	0.2584	0.2381	0.2321
GCF_000845945.1_ViralProj14520_genomic.fna.gz	0.2720	0.2979	0.2068	0.2233
GCF_000845965.1_ViralProj14524_genomic.fna.gz	0.3030	0.3478	0.1584	0.1908
GCF_000845985.1_ViralProj14535_genomic.fna.gz	0.2247	0.2044	0.2851	0.2859
GCF_000846005.1_ViralProj14539_genomic.fna.gz	0.3129	0.3136	0.1729	0.2006
GCF_000846005.2_ViralProj14539_genomic.fna.gz	0.3410	0.2987	0.1638	0.1964
GCF_000846025.1_ViralProj14543_genomic.fna.gz	0.2284	0.2842	0.2399	0.2475
GCF_000846045.1_ViralProj14547_genomic.fna.gz	0.2978	0.3290	0.1963	0.1770
GCF_000846065.1_ViralProj14552_genomic.fna.gz	0.3143	0.2983	0.1924	0.1950
GCF_000846085.1_ViralProj14557_genomic.fna.gz	0.2597	0.2581	0.2226	0.2597
GCF_000846105.1_ViralProj14561_genomic.fna.gz	0.3373	0.3106	0.1744	0.1777
GCF_000846125.1_ViralProj14565_genomic.fna.gz	0.3858	0.3083	0.1251	0.1808
GCF_000846145.1_ViralProj14570_genomic.fna.gz	0.2351	0.3131	0.2177	0.2341
GCF_000846165.1_ViralProj14381_genomic.fna.gz	0.2514	0.2107	0.2749	0.2629
GCF_000846185.1_ViralProj14385_genomic.fna.gz	0.2546	0.2886	0.2324	0.2244
GCF_000846205.1_ViralProj14390_genomic.fna.gz	0.2125	0.2127	0.2870	0.2877
GCF_000846225.1_ViralProj14394_genomic.fna.gz	0.1977	0.1893	0.2953	0.3178
GCF_000846245.1_ViralMultiSegProj14398_genomic.fna.gz	0.2750	0.3353	0.1743	0.2154
GCF_000846265.1_ViralProj14402_genomic.fna.gz	0.2787	0.2806	0.2208	0.2198
GCF_000846285.1_ViralProj14406_genomic.fna.gz	0.3223	0.2780	0.1748	0.2249
GCF_000846305.1_ViralProj14410_genomic.fna.gz	0.1957	0.1975	0.2819	0.3249
GCF_000846325.1_ViralProj14414_genomic.fna.gz	0.2588	0.2460	0.2464	0.2489
GCF_000846345.1_ViralProj14418_genomic.fna.gz	0.2487	0.2467	0.2537	0.2509
GCF_000846365.1_ViralProj14422_genomic.fna.gz	0.2866	0.2857	0.2171	0.2106
GCF_000846385.1_ViralProj14426_genomic.fna.gz	0.2514	0.1971	0.2848	0.2667
GCF_000846405.1_ViralProj14430_genomic.fna.gz	0.2533	0.2875	0.1937	0.2655
GCF_000846425.1_ViralProj14435_genomic.fna.gz	0.3005	0.2629	0.2129	0.2236
GCF_000846445.1_ViralProj14439_genomic.fna.gz	0.3472	0.2924	0.1739	0.1865
GCF_000846465.1_ViralProj14443_genomic.fna.gz	0.3198	0.3060	0.1905	0.1836
GCF_000846485.1_ViralProj14447_genomic.fna.gz	0.3075	0.2824	0.2006	0.2094
GCF_000846505.1_ViralProj14451_genomic.fna.gz	0.2866	0.3211	0.1630	0.2292
GCF_000846525.1_ViralProj14455_genomic.fna.gz	0.2411	0.1880	0.2991	0.2718
GCF_000846545.1_ViralProj14459_genomic.fna.gz	0.1842	0.1932	0.3161	0.3064
GCF_000846565.1_ViralProj14463_genomic.fna.gz	0.2595	0.1993	0.2779	0.2633
GCF_000846585.1_ViralProj14467_genomic.fna.gz	0.1845	0.1960	0.3110	0.3084
GCF_000846605.1_ViralProj14471_genomic.fna.gz	0.2870	0.3026	0.1845	0.2260
GCF_000846625.1_ViralProj14475_genomic.fna.gz	0.3046	0.2495	0.2081	0.2378
GCF_000846645.1_ViralProj14479_genomic.fna.gz	0.3743	0.3218	0.1351	0.1688
GCF_000846665.1_ViralMultiSegProj14483_genomic.fna.gz	0.2485	0.2996	0.2145	0.2374
GCF_000846685.1_ViralProj14487_genomic.fna.gz	0.2487	0.2391	0.2621	0.2501
GCF_000846705.1_ViralProj14491_genomic.fna.gz	0.2303	0.2172	0.2789	0.2736
GCF_000846725.1_ViralProj14495_genomic.fna.gz	0.2589	0.2263	0.2453	0.2695
GCF_000846745.1_ViralProj14499_genomic.fna.gz	0.2736	0.2521	0.2340	0.2403
GCF_000846765.1_ViralProj14503_genomic.fna.gz	0.2500	0.2423	0.2732	0.2345
GCF_000846785.1_ViralProj14513_genomic.fna.gz	0.2427	0.2437	0.2381	0.2755
GCF_000846805.1_ViralProj14517_genomic.fna.gz	0.2734	0.2614	0.2348	0.2304
GCF_000846825.1_ViralProj14521_genomic.fna.gz	0.2488	0.2462	0.2587	0.2463
GCF_000846845.1_ViralProj14525_genomic.fna.gz	0.3523	0.2489	0.2084	0.1904
GCF_000846865.1_ViralProj14536_genomic.fna.gz	0.2665	0.3098	0.2011	0.2225
GCF_000846885.1_ViralProj14540_genomic.fna.gz	0.2481	0.2564	0.2258	0.2698
GCF_000846905.1_ViralProj14544_genomic.fna.gz	0.2506	0.2631	0.2443	0.2420
GCF_000846925.1_ViralProj14548_genomic.fna.gz	0.3259	0.2567	0.1797	0.2377
GCF_000846945.1_ViralProj14553_genomic.fna.gz	0.3483	0.2094	0.2225	0.2198
GCF_000846965.1_ViralProj14558_genomic.fna.gz	0.1205	0.1199	0.3762	0.3835
GCF_000846985.1_ViralProj14562_genomic.fna.gz	0.2621	0.2941	0.2263	0.2175
GCF_000847005.1_ViralProj14566_genomic.fna.gz	0.2574	0.2610	0.2408	0.2408
GCF_000847025.1_ViralProj14571_genomic.fna.gz	0.1939	0.1912	0.3130	0.3019
GCF_000847045.1_ViralProj14564_genomic.fna.gz	0.3003	0.3000	0.2013	0.1983
GCF_000847065.1_ViralProj14568_genomic.fna.gz	0.1964	0.2768	0.2411	0.2857
GCF_000847085.1_ViralProj14573_genomic.fna.gz	0.3988	0.2683	0.1759	0.1570
GCF_000847105.1_ViralProj14577_genomic.fna.gz	0.2576	0.2502	0.2364	0.2558
GCF_000847105.2_ViralProj14577_genomic.fna.gz	0.2562	0.2492	0.2384	0.2562
GCF_000847125.1_ViralProj14581_genomic.fna.gz	0.4073	0.2107	0.2002	0.1818
GCF_000847145.1_ViralProj14586_genomic.fna.gz	0.3338	0.2290	0.1871	0.2500
GCF_000847165.1_ViralProj14591_genomic.fna.gz	0.2621	0.2316	0.2364	0.2699
GCF_000847185.1_ViralProj14595_genomic.fna.gz	0.3673	0.3626	0.1337	0.1363
GCF_000847205.1_ViralProj14599_genomic.fna.gz	0.2534	0.2531	0.2238	0.2697
GCF_000847225.1_ViralMultiSegProj14603_genomic.fna.gz	0.2446	0.2883	0.2243	0.2429
